激活值: layer_11_input_ln_output_input4
特殊程度分数: 90.771872

统计信息:
mean: 0.001629
std: 0.404405
min: -7.886147
max: 12.095330
range: 19.981476
skewness: 1.870386
kurtosis: 87.775768
q1: -0.190688
q3: 0.188095
iqr: 0.378783
zero_ratio: 0.000000
extreme_ratio: 0.005062
gini_like: 0.512241
