激活值: layer_3_q_activation_input9
特殊程度分数: 14.356720

统计信息:
mean: 0.000398
std: 1.184624
min: -9.630797
max: 10.738539
range: 20.369335
skewness: 0.002133
kurtosis: 12.844936
q1: -0.442598
q3: 0.455373
iqr: 0.897972
zero_ratio: 0.000000
extreme_ratio: 0.020422
gini_like: 0.550609
