激活值: layer_16_k_activation_input1
特殊程度分数: 22.698702

统计信息:
mean: -0.020761
std: 1.508698
min: -15.084309
max: 14.901080
range: 29.985390
skewness: 0.187508
kurtosis: 21.014001
q1: -0.534311
q3: 0.479626
iqr: 1.013937
zero_ratio: 0.000000
extreme_ratio: 0.016288
gini_like: 0.585720
