激活值: layer_20_input_ln_input_input6
特殊程度分数: 27629.200380

统计信息:
mean: 0.023959
std: 12.680723
min: -1438.511353
max: 2446.392578
range: 3884.903809
skewness: 104.573545
kurtosis: 27523.569040
q1: -0.493849
q3: 0.500246
iqr: 0.994095
zero_ratio: 0.000000
extreme_ratio: 0.000140
gini_like: 0.527502
