激活值: layer_23_mlp_output_input1
特殊程度分数: 2.440944

统计信息:
mean: -0.000189
std: 0.257562
min: -1.431617
max: 2.258309
range: 3.689926
skewness: 0.030196
kurtosis: 1.266541
q1: -0.143479
q3: 0.143566
iqr: 0.287045
zero_ratio: 0.000000
extreme_ratio: 0.008039
gini_like: 0.491712
