激活值: layer_22_input_ln_input_input2
特殊程度分数: 31759.558354

统计信息:
mean: 0.020463
std: 12.189290
min: -1480.493042
max: 2519.084229
range: 3999.577148
skewness: 112.099084
kurtosis: 31646.396666
q1: -0.550364
q3: 0.542135
iqr: 1.092499
zero_ratio: 0.000000
extreme_ratio: 0.000168
gini_like: 0.529623
