激活值: layer_0_post_attn_ln_input_input4
特殊程度分数: 144.701474

统计信息:
mean: 0.000378
std: 0.023725
min: -0.553828
max: 0.821205
range: 1.375032
skewness: 4.324698
kurtosis: 139.316278
q1: -0.011388
q3: 0.011746
iqr: 0.023134
zero_ratio: 0.000016
extreme_ratio: 0.006608
gini_like: 0.464156
