激活值: layer_1_mlp_output_input9
特殊程度分数: 34029.549461

统计信息:
mean: 0.014189
std: 11.598504
min: -1460.926147
max: 2475.070312
range: 3935.996582
skewness: 115.635559
kurtosis: 33912.074636
q1: -0.016223
q3: 0.016087
iqr: 0.032309
zero_ratio: 0.000086
extreme_ratio: 0.000187
gini_like: 0.917701
