激活值: layer_21_post_attn_ln_output_input3
特殊程度分数: 6.776140

统计信息:
mean: 0.002285
std: 0.327099
min: -5.729201
max: 5.055783
range: 10.784985
skewness: -0.016158
kurtosis: 5.673004
q1: -0.189863
q3: 0.192694
iqr: 0.382558
zero_ratio: 0.000016
extreme_ratio: 0.005355
gini_like: 0.489929
