激活值: layer_21_mlp_output_input1
特殊程度分数: 3.363013

统计信息:
mean: -0.002149
std: 0.230597
min: -1.424211
max: 2.759159
range: 4.183369
skewness: 0.136622
kurtosis: 2.126660
q1: -0.134981
q3: 0.127924
iqr: 0.262904
zero_ratio: 0.000000
extreme_ratio: 0.006417
gini_like: 0.485692
