激活值: layer_22_post_attn_ln_output_input7
特殊程度分数: 7.431543

统计信息:
mean: 0.001050
std: 0.329004
min: -5.854443
max: 4.922774
range: 10.777217
skewness: -0.082247
kurtosis: 6.243405
q1: -0.188524
q3: 0.191104
iqr: 0.379629
zero_ratio: 0.000000
extreme_ratio: 0.005390
gini_like: 0.499047
