激活值: layer_2_ffn_down_activation_input2
特殊程度分数: 2849.221501

统计信息:
mean: 0.000127
std: 0.043737
min: -2.746277
max: 4.299162
range: 7.045439
skewness: 18.850306
kurtosis: 2829.405310
q1: -0.019221
q3: 0.019681
iqr: 0.038902
zero_ratio: 0.000000
extreme_ratio: 0.002731
gini_like: 0.455630
