激活值: layer_30_ffn_up_activation_input4
特殊程度分数: 69.918584

统计信息:
mean: -0.005262
std: 0.830474
min: -24.890873
max: 33.662174
range: 58.553047
skewness: -1.153329
kurtosis: 67.345656
q1: -0.367986
q3: 0.369399
iqr: 0.737385
zero_ratio: 0.000018
extreme_ratio: 0.018907
gini_like: 0.520711
