激活值: layer_24_post_attn_ln_input_input8
特殊程度分数: 31578.346655

统计信息:
mean: 0.031512
std: 12.271461
min: -1488.235962
max: 2532.665771
range: 4020.901855
skewness: 111.604869
kurtosis: 31465.736541
q1: -0.724123
q3: 0.742462
iqr: 1.466585
zero_ratio: 0.000000
extreme_ratio: 0.000153
gini_like: 0.501097
