激活值: layer_15_input_ln_input_input8
特殊程度分数: 32086.365272

统计信息:
mean: 0.019943
std: 12.196851
min: -1489.595703
max: 2526.622314
range: 4016.218018
skewness: 112.459392
kurtosis: 31972.689994
q1: -0.246686
q3: 0.248990
iqr: 0.495676
zero_ratio: 0.000015
extreme_ratio: 0.000183
gini_like: 0.606100
