激活值: layer_22_ffn_up_activation_input3
特殊程度分数: 2.575087

统计信息:
mean: 0.005055
std: 0.476900
min: -4.107396
max: 4.602550
range: 8.709946
skewness: 0.030641
kurtosis: 1.455943
q1: -0.268499
q3: 0.276959
iqr: 0.545458
zero_ratio: 0.000000
extreme_ratio: 0.007467
gini_like: 0.469578
