激活值: layer_0_input_ln_input_input0
特殊程度分数: 3.157166

统计信息:
mean: -0.000063
std: 0.013670
min: -0.136719
max: 0.120605
range: 0.257324
skewness: -0.041160
kurtosis: 1.965506
q1: -0.007324
q3: 0.007172
iqr: 0.014496
zero_ratio: 0.000056
extreme_ratio: 0.008939
gini_like: 0.485814
