激活值: layer_14_k_activation_input7
特殊程度分数: 18.406412

统计信息:
mean: 0.004412
std: 1.357359
min: -12.644085
max: 13.916126
range: 26.560211
skewness: 0.239564
kurtosis: 16.665528
q1: -0.478072
q3: 0.471905
iqr: 0.949977
zero_ratio: 0.000000
extreme_ratio: 0.016864
gini_like: 0.582015
