激活值: layer_10_k_activation_input6
特殊程度分数: 21.394723

统计信息:
mean: -0.008554
std: 1.444248
min: -14.584796
max: 15.139977
range: 29.724773
skewness: 0.070857
kurtosis: 19.859470
q1: -0.522016
q3: 0.499444
iqr: 1.021460
zero_ratio: 0.000000
extreme_ratio: 0.015608
gini_like: 0.576122
