激活值: layer_1_input_ln_output_input1
特殊程度分数: 1391.828142

统计信息:
mean: 0.001301
std: 0.141716
min: -2.392360
max: 9.008207
range: 11.400568
skewness: 26.236710
kurtosis: 1364.204122
q1: -0.023862
q3: 0.024589
iqr: 0.048451
zero_ratio: 0.000017
extreme_ratio: 0.008772
gini_like: 0.605926
