激活值: layer_20_mlp_output_input7
特殊程度分数: 2.332896

统计信息:
mean: 0.000442
std: 0.260365
min: -1.395394
max: 2.240337
range: 3.635731
skewness: 0.053485
kurtosis: 1.148960
q1: -0.147743
q3: 0.147262
iqr: 0.295005
zero_ratio: 0.000000
extreme_ratio: 0.007212
gini_like: 0.493110
