激活值: layer_10_q_activation_input6
特殊程度分数: 22.850321

统计信息:
mean: -0.014950
std: 1.187358
min: -11.697271
max: 11.432083
range: 23.129354
skewness: 0.333429
kurtosis: 21.130707
q1: -0.464819
q3: 0.426370
iqr: 0.891190
zero_ratio: 0.000000
extreme_ratio: 0.015206
gini_like: 0.541028
