激活值: layer_23_input_ln_input_input5
特殊程度分数: 27608.353774

统计信息:
mean: 0.035274
std: 12.886837
min: -1461.128418
max: 2486.516357
range: 3947.644775
skewness: 104.461209
kurtosis: 27502.858895
q1: -0.639392
q3: 0.648457
iqr: 1.287849
zero_ratio: 0.000000
extreme_ratio: 0.000174
gini_like: 0.515091
