激活值: layer_12_mlp_output_input1
特殊程度分数: 4.775648

统计信息:
mean: -0.000626
std: 0.105191
min: -0.684496
max: 1.986395
range: 2.670891
skewness: 0.167669
kurtosis: 3.535892
q1: -0.060662
q3: 0.058942
iqr: 0.119604
zero_ratio: 0.000000
extreme_ratio: 0.005824
gini_like: 0.477799
