激活值: layer_18_ffn_up_activation_input0
特殊程度分数: 2.182501

统计信息:
mean: -0.001384
std: 0.384534
min: -2.996342
max: 2.620810
range: 5.617152
skewness: -0.031368
kurtosis: 1.072340
q1: -0.219302
q3: 0.217898
iqr: 0.437200
zero_ratio: 0.000000
extreme_ratio: 0.007037
gini_like: 0.469028
