激活值: layer_28_self_attn_output_input3
特殊程度分数: 180.420390

统计信息:
mean: 0.001485
std: 0.178617
min: -1.353041
max: 6.155124
range: 7.508164
skewness: 5.827116
kurtosis: 173.480171
q1: -0.088027
q3: 0.088694
iqr: 0.176721
zero_ratio: 0.000000
extreme_ratio: 0.008659
gini_like: 0.469963
