激活值: layer_13_input_ln_input_input3
特殊程度分数: 29802.773223

统计信息:
mean: 0.019138
std: 12.308322
min: -1451.635376
max: 2461.931396
range: 3913.566895
skewness: 108.322250
kurtosis: 29693.179926
q1: -0.208386
q3: 0.210719
iqr: 0.419105
zero_ratio: 0.000000
extreme_ratio: 0.000195
gini_like: 0.633570
