激活值: layer_22_post_attn_ln_input_input6
特殊程度分数: 27484.489307

统计信息:
mean: 0.027670
std: 12.701985
min: -1438.726074
max: 2447.305908
range: 3886.031982
skewness: 104.204683
kurtosis: 27379.260070
q1: -0.631449
q3: 0.643646
iqr: 1.275096
zero_ratio: 0.000000
extreme_ratio: 0.000140
gini_like: 0.510882
