激活值: layer_22_ffn_up_activation_input9
特殊程度分数: 2.369710

统计信息:
mean: 0.004422
std: 0.457581
min: -4.006641
max: 3.194789
range: 7.201430
skewness: 0.033220
kurtosis: 1.261185
q1: -0.263405
q3: 0.271344
iqr: 0.534749
zero_ratio: 0.000000
extreme_ratio: 0.007529
gini_like: 0.462360
