激活值: layer_18_q_activation_input0
特殊程度分数: 27.616160

统计信息:
mean: -0.008119
std: 1.258354
min: -12.815291
max: 12.173971
range: 24.989262
skewness: -0.720674
kurtosis: 25.580354
q1: -0.480060
q3: 0.481809
iqr: 0.961870
zero_ratio: 0.000000
extreme_ratio: 0.012245
gini_like: 0.535120
