激活值: layer_15_input_ln_output_input0
特殊程度分数: 86.479633

统计信息:
mean: 0.001022
std: 0.397695
min: -11.914887
max: 9.974641
range: 21.889528
skewness: 0.566825
kurtosis: 84.791890
q1: -0.193636
q3: 0.190290
iqr: 0.383927
zero_ratio: 0.000038
extreme_ratio: 0.004470
gini_like: 0.515735
