激活值: layer_3_q_activation_input4
特殊程度分数: 14.636163

统计信息:
mean: 0.002833
std: 1.167368
min: -9.524876
max: 11.056534
range: 20.581409
skewness: -0.005205
kurtosis: 13.116614
q1: -0.431118
q3: 0.449237
iqr: 0.880355
zero_ratio: 0.000000
extreme_ratio: 0.020443
gini_like: 0.552745
