激活值: layer_28_k_activation_input2
特殊程度分数: 31.988479

统计信息:
mean: 0.023369
std: 1.367838
min: -15.288321
max: 16.391695
range: 31.680016
skewness: 0.881802
kurtosis: 29.740643
q1: -0.485072
q3: 0.506697
iqr: 0.991770
zero_ratio: 0.000000
extreme_ratio: 0.011719
gini_like: 0.565829
