激活值: layer_10_mlp_output_input4
特殊程度分数: 6.117573

统计信息:
mean: -0.000388
std: 0.102130
min: -1.086378
max: 1.988696
range: 3.075074
skewness: 0.229163
kurtosis: 4.843140
q1: -0.060357
q3: 0.058205
iqr: 0.118562
zero_ratio: 0.000000
extreme_ratio: 0.005501
gini_like: 0.467622
