激活值: layer_0_post_attn_ln_input_input9
特殊程度分数: 213.398019

统计信息:
mean: 0.000334
std: 0.022881
min: -0.553828
max: 0.797392
range: 1.351219
skewness: 6.228906
kurtosis: 206.092741
q1: -0.010306
q3: 0.010409
iqr: 0.020715
zero_ratio: 0.000057
extreme_ratio: 0.006276
gini_like: 0.475384
