激活值: layer_5_v_activation_input4
特殊程度分数: 3.492274

统计信息:
mean: -0.004716
std: 0.258403
min: -2.568408
max: 2.131348
range: 4.699756
skewness: -0.120196
kurtosis: 2.191858
q1: -0.149870
q3: 0.139671
iqr: 0.289541
zero_ratio: 0.000033
extreme_ratio: 0.009001
gini_like: 0.500079
