激活值: layer_23_post_attn_ln_input_input3
特殊程度分数: 29438.937997

统计信息:
mean: 0.021433
std: 12.376354
min: -1450.325317
max: 2468.685791
range: 3919.011230
skewness: 107.846152
kurtosis: 29330.084463
q1: -0.706679
q3: 0.710450
iqr: 1.417129
zero_ratio: 0.000000
extreme_ratio: 0.000130
gini_like: 0.502389
