激活值: layer_14_ffn_gate_activation_input2
特殊程度分数: 5.131509

统计信息:
mean: -0.173561
std: 0.388138
min: -4.369578
max: 3.386540
range: 7.756118
skewness: -0.344781
kurtosis: 3.250954
q1: -0.392958
q3: 0.048797
iqr: 0.441755
zero_ratio: 0.000006
extreme_ratio: 0.029365
gini_like: 0.474233
