激活值: layer_14_post_attn_ln_input_input5
特殊程度分数: 27897.518816

统计信息:
mean: 0.022094
std: 12.827409
min: -1462.673584
max: 2480.801270
range: 3943.474854
skewness: 104.821156
kurtosis: 27791.435845
q1: -0.230616
q3: 0.235339
iqr: 0.465955
zero_ratio: 0.000000
extreme_ratio: 0.000192
gini_like: 0.628989
