激活值: layer_31_post_attn_ln_input_input2
特殊程度分数: 291.174897

统计信息:
mean: 0.022936
std: 2.016394
min: -58.135872
max: 98.123131
range: 156.259003
skewness: 7.143676
kurtosis: 282.958563
q1: -0.956479
q3: 0.969293
iqr: 1.925772
zero_ratio: 0.000000
extreme_ratio: 0.004974
gini_like: 0.486585
