激活值: layer_6_k_activation_input6
特殊程度分数: 24.150753

统计信息:
mean: -0.028274
std: 1.359129
min: -14.602443
max: 14.513082
range: 29.115524
skewness: -0.840311
kurtosis: 21.835560
q1: -0.492152
q3: 0.468877
iqr: 0.961029
zero_ratio: 0.000000
extreme_ratio: 0.016061
gini_like: 0.576832
