激活值: layer_26_input_ln_output_input4
特殊程度分数: 23.047104

统计信息:
mean: 0.001911
std: 0.488989
min: -9.644718
max: 10.079591
range: 19.724308
skewness: 0.095267
kurtosis: 21.848798
q1: -0.266215
q3: 0.266873
iqr: 0.533088
zero_ratio: 0.000016
extreme_ratio: 0.005306
gini_like: 0.498447
