激活值: layer_27_v_activation_input4
特殊程度分数: 3.514442

统计信息:
mean: -0.001408
std: 0.620798
min: -5.423951
max: 7.241270
range: 12.665220
skewness: -0.064300
kurtosis: 2.319867
q1: -0.355306
q3: 0.354555
iqr: 0.709861
zero_ratio: 0.000000
extreme_ratio: 0.006901
gini_like: 0.496127
