激活值: layer_29_post_attn_ln_input_input8
特殊程度分数: 30985.144692

统计信息:
mean: 0.035235
std: 12.320315
min: -1488.563354
max: 2530.509277
range: 4019.072754
skewness: 109.909762
kurtosis: 30874.247029
q1: -0.959589
q3: 0.969042
iqr: 1.928631
zero_ratio: 0.000000
extreme_ratio: 0.000305
gini_like: 0.490899
