激活值: layer_14_v_activation_input2
特殊程度分数: 10.171720

统计信息:
mean: -0.000941
std: 0.412596
min: -8.157014
max: 4.135463
range: 12.292477
skewness: -0.228287
kurtosis: 8.685571
q1: -0.208746
q3: 0.208906
iqr: 0.417652
zero_ratio: 0.000015
extreme_ratio: 0.011566
gini_like: 0.513257
