激活值: layer_12_post_attn_ln_input_input2
特殊程度分数: 32033.560552

统计信息:
mean: 0.018737
std: 12.129478
min: -1480.746216
max: 2511.411621
range: 3992.157715
skewness: 112.351078
kurtosis: 31919.919359
q1: -0.192271
q3: 0.193356
iqr: 0.385626
zero_ratio: 0.000000
extreme_ratio: 0.000214
gini_like: 0.642921
