激活值: layer_26_v_activation_input2
特殊程度分数: 2.966545

统计信息:
mean: 0.001287
std: 0.561955
min: -5.624800
max: 3.516905
range: 9.141705
skewness: -0.030109
kurtosis: 1.754603
q1: -0.302929
q3: 0.303708
iqr: 0.606637
zero_ratio: 0.000000
extreme_ratio: 0.008469
gini_like: 0.506230
