激活值: layer_9_ffn_down_activation_input4
特殊程度分数: 2.862983

统计信息:
mean: 0.000688
std: 0.095128
min: -1.274881
max: 1.182491
range: 2.457372
skewness: 0.036295
kurtosis: 1.772067
q1: -0.054590
q3: 0.055838
iqr: 0.110428
zero_ratio: 0.000000
extreme_ratio: 0.005583
gini_like: 0.471483
