激活值: layer_15_self_attn_output_input3
特殊程度分数: 5.505195

统计信息:
mean: 0.000467
std: 0.108817
min: -1.508635
max: 2.027246
range: 3.535881
skewness: -0.025082
kurtosis: 4.432121
q1: -0.063062
q3: 0.064726
iqr: 0.127788
zero_ratio: 0.000000
extreme_ratio: 0.007454
gini_like: 0.449451
