激活值: layer_8_o_activation_input2
特殊程度分数: 31.751215

统计信息:
mean: 0.000233
std: 0.051361
min: -1.471122
max: 1.539677
range: 3.010799
skewness: 0.376701
kurtosis: 30.356879
q1: -0.030811
q3: 0.031052
iqr: 0.061862
zero_ratio: 0.000015
extreme_ratio: 0.007065
gini_like: 0.438158
