激活值: layer_0_self_attn_output_input7
特殊程度分数: 273.106610

统计信息:
mean: 0.000374
std: 0.018976
min: -0.590204
max: 0.743013
range: 1.333217
skewness: 6.873177
kurtosis: 264.970583
q1: -0.006089
q3: 0.006330
iqr: 0.012420
zero_ratio: 0.000000
extreme_ratio: 0.010047
gini_like: 0.530952
