激活值: layer_18_mlp_output_input3
特殊程度分数: 3.600954

统计信息:
mean: 0.000964
std: 0.229716
min: -3.625238
max: 1.235962
range: 4.861200
skewness: -0.119253
kurtosis: 2.403762
q1: -0.132538
q3: 0.134068
iqr: 0.266606
zero_ratio: 0.000016
extreme_ratio: 0.005550
gini_like: 0.483456
