激活值: layer_14_input_ln_output_input8
特殊程度分数: 151.918652

统计信息:
mean: 0.007610
std: 0.422428
min: -11.805054
max: 12.753203
range: 24.558258
skewness: 2.600002
kurtosis: 148.201548
q1: -0.181215
q3: 0.188926
iqr: 0.370141
zero_ratio: 0.000015
extreme_ratio: 0.004761
gini_like: 0.510932
