激活值: layer_2_post_attn_ln_output_input8
特殊程度分数: 340.146656

统计信息:
mean: 0.000798
std: 0.104073
min: -4.002464
max: 5.682684
range: 9.685148
skewness: 3.261437
kurtosis: 335.820739
q1: -0.055884
q3: 0.057398
iqr: 0.113282
zero_ratio: 0.000076
extreme_ratio: 0.004120
gini_like: 0.490985
