激活值: layer_4_post_attn_ln_output_input4
特殊程度分数: 224.098489

统计信息:
mean: -0.000610
std: 0.157371
min: -5.869580
max: 7.399264
range: 13.268845
skewness: 1.747401
kurtosis: 221.275655
q1: -0.086724
q3: 0.083923
iqr: 0.170647
zero_ratio: 0.000016
extreme_ratio: 0.004346
gini_like: 0.494247
