激活值: layer_3_k_activation_input0
特殊程度分数: 21.492831

统计信息:
mean: -0.014534
std: 1.324309
min: -12.857642
max: 12.545336
range: 25.402977
skewness: -0.128288
kurtosis: 19.844362
q1: -0.473891
q3: 0.474425
iqr: 0.948315
zero_ratio: 0.000000
extreme_ratio: 0.018311
gini_like: 0.576985
