激活值: layer_28_input_ln_output_input5
特殊程度分数: 24.434119

统计信息:
mean: 0.002626
std: 0.470974
min: -7.017988
max: 8.044456
range: 15.062444
skewness: 0.486502
kurtosis: 22.809836
q1: -0.243056
q3: 0.244279
iqr: 0.487335
zero_ratio: 0.000000
extreme_ratio: 0.005790
gini_like: 0.510994
