激活值: layer_10_mlp_output_input3
特殊程度分数: 7.473382

统计信息:
mean: 0.001311
std: 0.108823
min: -0.811584
max: 2.046762
range: 2.858346
skewness: 0.324048
kurtosis: 6.103820
q1: -0.062431
q3: 0.064699
iqr: 0.127130
zero_ratio: 0.000000
extreme_ratio: 0.005518
gini_like: 0.467581
