激活值: layer_12_post_attn_ln_output_input4
特殊程度分数: 23.067277

统计信息:
mean: -0.000043
std: 0.224209
min: -5.666668
max: 4.022960
range: 9.689628
skewness: -0.052391
kurtosis: 21.914044
q1: -0.127576
q3: 0.124039
iqr: 0.251615
zero_ratio: 0.000016
extreme_ratio: 0.005632
gini_like: 0.494093
