激活值: layer_29_mlp_output_input5
特殊程度分数: 422.249188

统计信息:
mean: 0.001865
std: 0.609664
min: -41.696278
max: 21.479073
range: 63.175350
skewness: -4.747506
kurtosis: 416.061710
q1: -0.261092
q3: 0.261356
iqr: 0.522448
zero_ratio: 0.000000
extreme_ratio: 0.021519
gini_like: 0.504794
