激活值: layer_7_ffn_gate_activation_input8
特殊程度分数: 3.331244

统计信息:
mean: -0.171350
std: 0.332200
min: -2.706951
max: 2.439242
range: 5.146194
skewness: -0.181645
kurtosis: 1.569663
q1: -0.366965
q3: 0.026375
iqr: 0.393340
zero_ratio: 0.000000
extreme_ratio: 0.033998
gini_like: 0.449987
