激活值: layer_30_post_attn_ln_output_input0
特殊程度分数: 121.773403

统计信息:
mean: 0.000850
std: 0.421017
min: -11.596700
max: 16.884258
range: 28.480957
skewness: 1.717072
kurtosis: 118.961493
q1: -0.226151
q3: 0.225007
iqr: 0.451158
zero_ratio: 0.000038
extreme_ratio: 0.004545
gini_like: 0.501943
