激活值: layer_2_post_attn_ln_input_input0
特殊程度分数: 25848.248001

统计信息:
mean: 0.018736
std: 13.060551
min: -1435.475708
max: 2432.132324
range: 3867.607910
skewness: 100.735115
kurtosis: 25745.747139
q1: -0.033918
q3: 0.034298
iqr: 0.068216
zero_ratio: 0.000000
extreme_ratio: 0.000225
gini_like: 0.880620
