激活值: layer_10_input_ln_output_input7
特殊程度分数: 89.164548

统计信息:
mean: 0.006573
std: 0.366581
min: -8.863499
max: 9.086384
range: 17.949883
skewness: 1.554266
kurtosis: 86.473837
q1: -0.161630
q3: 0.171903
iqr: 0.333532
zero_ratio: 0.000019
extreme_ratio: 0.004695
gini_like: 0.521258
