激活值: layer_11_v_activation_input2
特殊程度分数: 15.279898

统计信息:
mean: -0.005432
std: 0.437196
min: -7.879644
max: 7.715743
range: 15.595387
skewness: 0.010580
kurtosis: 13.970146
q1: -0.216840
q3: 0.206425
iqr: 0.423266
zero_ratio: 0.000000
extreme_ratio: 0.012878
gini_like: 0.520802
