激活值: layer_28_q_activation_input3
特殊程度分数: 23.062994

统计信息:
mean: 0.004211
std: 1.304616
min: -13.023613
max: 12.491299
range: 25.514912
skewness: -0.109151
kurtosis: 21.708139
q1: -0.550533
q3: 0.558170
iqr: 1.108702
zero_ratio: 0.000000
extreme_ratio: 0.011100
gini_like: 0.511849
