激活值: layer_5_k_activation_input2
特殊程度分数: 23.173465

统计信息:
mean: 0.017624
std: 1.406282
min: -15.443895
max: 15.993593
range: 31.437489
skewness: 0.353573
kurtosis: 21.390605
q1: -0.529358
q3: 0.535727
iqr: 1.065086
zero_ratio: 0.000000
extreme_ratio: 0.015564
gini_like: 0.559004
