激活值: layer_12_ffn_up_activation_input0
特殊程度分数: 2.480541

统计信息:
mean: -0.000948
std: 0.286536
min: -2.289452
max: 1.939943
range: 4.229395
skewness: -0.027404
kurtosis: 1.366476
q1: -0.164229
q3: 0.164059
iqr: 0.328288
zero_ratio: 0.000000
extreme_ratio: 0.008225
gini_like: 0.461082
