激活值: layer_27_ffn_gate_activation_input7
特殊程度分数: 5.241527

统计信息:
mean: -0.236290
std: 0.611841
min: -5.204288
max: 4.648746
range: 9.853033
skewness: -0.551776
kurtosis: 3.174485
q1: -0.559440
q3: 0.086417
iqr: 0.645857
zero_ratio: 0.000000
extreme_ratio: 0.026973
gini_like: 0.487899
