激活值: layer_17_input_ln_output_input6
特殊程度分数: 82.779903

统计信息:
mean: 0.003524
std: 0.417962
min: -9.061907
max: 11.420645
range: 20.482552
skewness: 1.479614
kurtosis: 80.174763
q1: -0.197325
q3: 0.201747
iqr: 0.399072
zero_ratio: 0.000105
extreme_ratio: 0.004883
gini_like: 0.513857
