激活值: layer_21_post_attn_ln_input_input3
特殊程度分数: 29605.163701

统计信息:
mean: 0.026152
std: 12.355035
min: -1450.424805
max: 2467.822510
range: 3918.247314
skewness: 108.241810
kurtosis: 29495.895176
q1: -0.574893
q3: 0.581925
iqr: 1.156818
zero_ratio: 0.000000
extreme_ratio: 0.000130
gini_like: 0.512055
