激活值: layer_28_ffn_up_activation_input9
特殊程度分数: 6.963718

统计信息:
mean: -0.001320
std: 0.604443
min: -9.226572
max: 6.404771
range: 15.631344
skewness: -0.246438
kurtosis: 5.477453
q1: -0.323193
q3: 0.326890
iqr: 0.650083
zero_ratio: 0.000000
extreme_ratio: 0.013733
gini_like: 0.482580
