激活值: layer_15_ffn_up_activation_input9
特殊程度分数: 2.356762

统计信息:
mean: -0.000762
std: 0.363289
min: -2.410335
max: 2.912527
range: 5.322863
skewness: -0.015959
kurtosis: 1.267487
q1: -0.211755
q3: 0.211070
iqr: 0.422825
zero_ratio: 0.000000
extreme_ratio: 0.007690
gini_like: 0.459762
