激活值: layer_22_input_ln_output_input9
特殊程度分数: 29.837987

统计信息:
mean: -0.001720
std: 0.454906
min: -8.015371
max: 9.959381
range: 17.974752
skewness: 0.117240
kurtosis: 28.643099
q1: -0.249764
q3: 0.244655
iqr: 0.494419
zero_ratio: 0.000014
extreme_ratio: 0.004610
gini_like: 0.492714
