激活值: layer_11_v_activation_input8
特殊程度分数: 3.419448

统计信息:
mean: -0.005246
std: 0.368629
min: -3.551672
max: 3.448493
range: 7.000164
skewness: -0.013350
kurtosis: 2.202024
q1: -0.209147
q3: 0.198027
iqr: 0.407174
zero_ratio: 0.000015
extreme_ratio: 0.010361
gini_like: 0.498418
