激活值: layer_0_input_ln_output_input0
特殊程度分数: 879.607090

统计信息:
mean: -0.000321
std: 0.070943
min: -4.674002
max: 2.884201
range: 7.558204
skewness: -7.814793
kurtosis: 870.220519
q1: -0.005550
q3: 0.005446
iqr: 0.010996
zero_ratio: 0.000507
extreme_ratio: 0.008151
gini_like: 0.704004
