激活值: layer_25_post_attn_ln_input_input4
特殊程度分数: 29467.373472

统计信息:
mean: 0.027178
std: 12.530621
min: -1469.119263
max: 2500.596436
range: 3969.715820
skewness: 107.810853
kurtosis: 29358.561939
q1: -0.783849
q3: 0.781006
iqr: 1.564856
zero_ratio: 0.000000
extreme_ratio: 0.000146
gini_like: 0.498875
