激活值: layer_25_ffn_gate_activation_input4
特殊程度分数: 4.311807

统计信息:
mean: -0.204216
std: 0.574868
min: -4.330806
max: 5.463619
range: 9.794426
skewness: -0.317846
kurtosis: 2.592675
q1: -0.534311
q3: 0.109776
iqr: 0.644087
zero_ratio: 0.000000
extreme_ratio: 0.022487
gini_like: 0.475776
