激活值: layer_18_post_attn_ln_input_input1
特殊程度分数: 27852.924891

统计信息:
mean: 0.018764
std: 12.865740
min: -1463.882324
max: 2487.631104
range: 3951.513428
skewness: 104.954247
kurtosis: 27746.869765
q1: -0.417373
q3: 0.407047
iqr: 0.824420
zero_ratio: 0.000000
extreme_ratio: 0.000157
gini_like: 0.548870
