激活值: layer_26_ffn_down_activation_input5
特殊程度分数: 3.254799

统计信息:
mean: -0.001240
std: 0.279927
min: -3.152731
max: 3.212519
range: 6.365250
skewness: 0.017191
kurtosis: 2.061400
q1: -0.150665
q3: 0.147993
iqr: 0.298658
zero_ratio: 0.000000
extreme_ratio: 0.008597
gini_like: 0.502132
