激活值: layer_20_post_attn_ln_input_input8
特殊程度分数: 31935.556305

统计信息:
mean: 0.024611
std: 12.231064
min: -1488.164185
max: 2531.335693
range: 4019.500000
skewness: 112.470713
kurtosis: 31822.042975
q1: -0.505400
q3: 0.515151
iqr: 1.020551
zero_ratio: 0.000000
extreme_ratio: 0.000137
gini_like: 0.519935
