激活值: layer_8_o_activation_input7
特殊程度分数: 113.652662

统计信息:
mean: -0.000355
std: 0.052896
min: -1.035321
max: 2.527707
range: 3.563028
skewness: 2.245621
kurtosis: 110.359808
q1: -0.031120
q3: 0.030241
iqr: 0.061361
zero_ratio: 0.000019
extreme_ratio: 0.007737
gini_like: 0.446229
