激活值: layer_25_v_activation_input8
特殊程度分数: 2.630704

统计信息:
mean: -0.004380
std: 0.599008
min: -4.880711
max: 4.212661
range: 9.093372
skewness: -0.054242
kurtosis: 1.409719
q1: -0.342755
q3: 0.337215
iqr: 0.679970
zero_ratio: 0.000015
extreme_ratio: 0.008606
gini_like: 0.497301
