激活值: layer_21_v_activation_input1
特殊程度分数: 2.756824

统计信息:
mean: 0.002558
std: 0.478052
min: -2.710025
max: 3.311389
range: 6.021414
skewness: 0.104998
kurtosis: 1.478633
q1: -0.264315
q3: 0.267534
iqr: 0.531849
zero_ratio: 0.000017
extreme_ratio: 0.008196
gini_like: 0.504622
