激活值: layer_8_k_activation_input6
特殊程度分数: 23.567090

统计信息:
mean: 0.004300
std: 1.433397
min: -15.204611
max: 14.829299
range: 30.033909
skewness: 0.345487
kurtosis: 21.719729
q1: -0.494832
q3: 0.495687
iqr: 0.990520
zero_ratio: 0.000000
extreme_ratio: 0.016915
gini_like: 0.581783
