激活值: layer_22_post_attn_ln_output_input1
特殊程度分数: 8.321767

统计信息:
mean: -0.001534
std: 0.313691
min: -5.854443
max: 4.922774
range: 10.777217
skewness: -0.076729
kurtosis: 7.139179
q1: -0.183211
q3: 0.178849
iqr: 0.362060
zero_ratio: 0.000000
extreme_ratio: 0.005720
gini_like: 0.495731
