激活值: layer_7_o_activation_input4
特殊程度分数: 4.556127

统计信息:
mean: 0.000575
std: 0.044115
min: -0.248871
max: 0.648505
range: 0.897375
skewness: 0.235981
kurtosis: 3.287558
q1: -0.025988
q3: 0.026929
iqr: 0.052917
zero_ratio: 0.000016
extreme_ratio: 0.007292
gini_like: 0.443365
