激活值: layer_4_input_ln_output_input8
特殊程度分数: 96.361815

统计信息:
mean: 0.002756
std: 0.276991
min: -6.204699
max: 7.032838
range: 13.237537
skewness: 1.420247
kurtosis: 93.784786
q1: -0.116356
q3: 0.118580
iqr: 0.234937
zero_ratio: 0.000000
extreme_ratio: 0.005676
gini_like: 0.521628
