激活值: layer_31_self_attn_output_input3
特殊程度分数: 27409.502456

统计信息:
mean: -0.007341
std: 1.193261
min: -236.650421
max: 126.711830
range: 363.362244
skewness: -108.970694
kurtosis: 27299.460757
q1: -0.171545
q3: 0.163737
iqr: 0.335282
zero_ratio: 0.000000
extreme_ratio: 0.000684
gini_like: 0.528666
