激活值: layer_17_input_ln_output_input0
特殊程度分数: 59.758994

统计信息:
mean: -0.000274
std: 0.408659
min: -10.640094
max: 10.484316
range: 21.124409
skewness: 0.561587
kurtosis: 58.078922
q1: -0.206127
q3: 0.207646
iqr: 0.413772
zero_ratio: 0.000038
extreme_ratio: 0.004639
gini_like: 0.512828
