激活值: layer_12_input_ln_output_input6
特殊程度分数: 151.025888

统计信息:
mean: 0.003867
std: 0.412205
min: -8.162162
max: 13.720239
range: 21.882401
skewness: 3.125250
kurtosis: 146.764977
q1: -0.179084
q3: 0.181269
iqr: 0.360353
zero_ratio: 0.000017
extreme_ratio: 0.004848
gini_like: 0.519338
