激活值: layer_14_input_ln_input_input8
特殊程度分数: 32101.280355

统计信息:
mean: 0.022193
std: 12.195665
min: -1489.620361
max: 2526.681885
range: 4016.302246
skewness: 112.495901
kurtosis: 31987.528118
q1: -0.213254
q3: 0.219280
iqr: 0.432534
zero_ratio: 0.000000
extreme_ratio: 0.000198
gini_like: 0.626185
