激活值: layer_6_ffn_down_activation_input2
特殊程度分数: 8.156199

统计信息:
mean: 0.000118
std: 0.066840
min: -1.422985
max: 1.254163
range: 2.677147
skewness: -0.013345
kurtosis: 7.115231
q1: -0.039029
q3: 0.039469
iqr: 0.078498
zero_ratio: 0.000031
extreme_ratio: 0.005142
gini_like: 0.462366
