激活值: layer_25_input_ln_input_input7
特殊程度分数: 25302.063449

统计信息:
mean: 0.026024
std: 13.076959
min: -1422.869751
max: 2422.343750
range: 3845.213379
skewness: 99.942648
kurtosis: 25201.102814
q1: -0.765952
q3: 0.762474
iqr: 1.528426
zero_ratio: 0.000000
extreme_ratio: 0.000169
gini_like: 0.507303
