激活值: layer_28_self_attn_output_input9
特殊程度分数: 261.182414

统计信息:
mean: 0.002199
std: 0.160630
min: -1.074379
max: 6.218014
range: 7.292394
skewness: 7.712831
kurtosis: 252.310180
q1: -0.071162
q3: 0.072365
iqr: 0.143527
zero_ratio: 0.000000
extreme_ratio: 0.009148
gini_like: 0.488220
