激活值: layer_24_mlp_output_input7
特殊程度分数: 2.438200

统计信息:
mean: -0.000753
std: 0.272094
min: -1.476134
max: 2.966518
range: 4.442652
skewness: 0.034286
kurtosis: 1.267181
q1: -0.151757
q3: 0.149926
iqr: 0.301683
zero_ratio: 0.000000
extreme_ratio: 0.007005
gini_like: 0.498317
