激活值: layer_19_ffn_up_activation_input2
特殊程度分数: 3.357968

统计信息:
mean: 0.000958
std: 0.402810
min: -3.035761
max: 5.974847
range: 9.010609
skewness: 0.091564
kurtosis: 2.145436
q1: -0.219419
q3: 0.221542
iqr: 0.440961
zero_ratio: 0.000006
extreme_ratio: 0.008448
gini_like: 0.475995
