激活值: layer_19_k_activation_input0
特殊程度分数: 23.049189

统计信息:
mean: 0.004190
std: 1.404605
min: -14.431498
max: 13.855209
range: 28.286707
skewness: -0.042693
kurtosis: 21.546509
q1: -0.498925
q3: 0.501476
iqr: 1.000401
zero_ratio: 0.000000
extreme_ratio: 0.015362
gini_like: 0.576373
