激活值: layer_5_v_activation_input5
特殊程度分数: 3.601417

统计信息:
mean: -0.002647
std: 0.262440
min: -2.436453
max: 2.054658
range: 4.491111
skewness: -0.137743
kurtosis: 2.254599
q1: -0.144475
q3: 0.139338
iqr: 0.283813
zero_ratio: 0.000017
extreme_ratio: 0.009434
gini_like: 0.510181
