激活值: layer_18_post_attn_ln_input_input5
特殊程度分数: 27853.110160

统计信息:
mean: 0.023293
std: 12.853488
min: -1462.592529
max: 2485.204590
range: 3947.797119
skewness: 104.951342
kurtosis: 27747.044481
q1: -0.385432
q3: 0.388855
iqr: 0.774287
zero_ratio: 0.000000
extreme_ratio: 0.000157
gini_like: 0.555599
