激活值: layer_28_post_attn_ln_output_input2
特殊程度分数: 25.829384

统计信息:
mean: 0.002085
std: 0.367376
min: -9.974151
max: 8.286178
range: 18.260328
skewness: -0.080858
kurtosis: 24.589289
q1: -0.188377
q3: 0.192671
iqr: 0.381049
zero_ratio: 0.000000
extreme_ratio: 0.006866
gini_like: 0.510954
