激活值: layer_20_input_ln_input_input4
特殊程度分数: 29859.358758

统计信息:
mean: 0.015260
std: 12.479459
min: -1468.860474
max: 2498.460693
range: 3967.321289
skewness: 108.785933
kurtosis: 29749.522906
q1: -0.490105
q3: 0.481413
iqr: 0.971518
zero_ratio: 0.000000
extreme_ratio: 0.000130
gini_like: 0.523658
