激活值: layer_7_ffn_down_activation_input5
特殊程度分数: 11.291516

统计信息:
mean: 0.000486
std: 0.081282
min: -0.473667
max: 1.943676
range: 2.417343
skewness: 0.464466
kurtosis: 9.709663
q1: -0.044900
q3: 0.045312
iqr: 0.090212
zero_ratio: 0.000000
extreme_ratio: 0.007900
gini_like: 0.479697
