激活值: layer_28_input_ln_input_input7
特殊程度分数: 25111.799696

统计信息:
mean: 0.023168
std: 13.097582
min: -1422.785278
max: 2421.564941
range: 3844.350098
skewness: 99.349034
kurtosis: 25011.443031
q1: -0.898265
q3: 0.885774
iqr: 1.784039
zero_ratio: 0.000000
extreme_ratio: 0.000244
gini_like: 0.501375
