激活值: layer_27_v_activation_input3
特殊程度分数: 3.305306

统计信息:
mean: -0.000270
std: 0.636627
min: -5.456894
max: 7.309142
range: 12.766036
skewness: -0.022477
kurtosis: 2.161349
q1: -0.369376
q3: 0.368077
iqr: 0.737453
zero_ratio: 0.000000
extreme_ratio: 0.006722
gini_like: 0.493520
