激活值: layer_19_q_activation_input3
特殊程度分数: 23.952903

统计信息:
mean: -0.019035
std: 1.196455
min: -11.645942
max: 10.837063
range: 22.483006
skewness: -0.815114
kurtosis: 21.751177
q1: -0.455110
q3: 0.449136
iqr: 0.904245
zero_ratio: 0.000000
extreme_ratio: 0.015397
gini_like: 0.539334
