激活值: layer_18_input_ln_output_input7
特殊程度分数: 53.677893

统计信息:
mean: 0.001304
std: 0.427055
min: -9.946491
max: 9.099082
range: 19.045574
skewness: 0.196781
kurtosis: 52.356105
q1: -0.214519
q3: 0.213818
iqr: 0.428336
zero_ratio: 0.000000
extreme_ratio: 0.004902
gini_like: 0.513487
