激活值: layer_13_k_activation_input6
特殊程度分数: 24.176042

统计信息:
mean: -0.017589
std: 1.417556
min: -13.288815
max: 14.257593
range: 27.546410
skewness: -0.401253
kurtosis: 22.290277
q1: -0.485752
q3: 0.475799
iqr: 0.961551
zero_ratio: 0.000000
extreme_ratio: 0.015939
gini_like: 0.582867
