激活值: layer_25_input_ln_output_input9
特殊程度分数: 16.647604

统计信息:
mean: -0.001669
std: 0.497428
min: -8.129774
max: 9.000598
range: 17.130371
skewness: 0.085291
kurtosis: 15.478874
q1: -0.282837
q3: 0.277088
iqr: 0.559925
zero_ratio: 0.000000
extreme_ratio: 0.005242
gini_like: 0.489301
