激活值: layer_6_input_ln_output_input8
特殊程度分数: 71.122349

统计信息:
mean: 0.003699
std: 0.346578
min: -8.510666
max: 8.025476
range: 16.536142
skewness: 1.420948
kurtosis: 68.560797
q1: -0.160763
q3: 0.161883
iqr: 0.322646
zero_ratio: 0.000000
extreme_ratio: 0.005814
gini_like: 0.512166
