激活值: layer_19_k_activation_input3
特殊程度分数: 22.856511

统计信息:
mean: -0.004844
std: 1.384172
min: -14.743431
max: 15.164257
range: 29.907688
skewness: -0.266169
kurtosis: 21.148139
q1: -0.509368
q3: 0.499063
iqr: 1.008431
zero_ratio: 0.000000
extreme_ratio: 0.015169
gini_like: 0.569409
