激活值: layer_0_post_attn_ln_output_input9
特殊程度分数: 182.258701

统计信息:
mean: 0.000266
std: 0.059965
min: -1.877824
max: 1.055888
range: 2.933712
skewness: -3.188760
kurtosis: 177.985008
q1: -0.024563
q3: 0.024813
iqr: 0.049377
zero_ratio: 0.000029
extreme_ratio: 0.006003
gini_like: 0.482415
