激活值: layer_30_q_activation_input3
特殊程度分数: 27.864491

统计信息:
mean: -0.010015
std: 1.314059
min: -12.639374
max: 12.658928
range: 25.298302
skewness: 0.475910
kurtosis: 26.170357
q1: -0.580994
q3: 0.547063
iqr: 1.128057
zero_ratio: 0.000000
extreme_ratio: 0.010628
gini_like: 0.502830
