激活值: layer_21_v_activation_input8
特殊程度分数: 2.793753

统计信息:
mean: 0.007681
std: 0.495954
min: -2.733424
max: 3.844988
range: 6.578412
skewness: 0.089174
kurtosis: 1.541339
q1: -0.270971
q3: 0.289130
iqr: 0.560101
zero_ratio: 0.000000
extreme_ratio: 0.008362
gini_like: 0.498002
