激活值: layer_21_self_attn_output_input7
特殊程度分数: 59.398418

统计信息:
mean: 0.001889
std: 0.087719
min: -0.811337
max: 2.423835
range: 3.235173
skewness: 2.476997
kurtosis: 55.829454
q1: -0.044559
q3: 0.046676
iqr: 0.091236
zero_ratio: 0.000019
extreme_ratio: 0.007531
gini_like: 0.470662
