激活值: layer_10_ffn_up_activation_input1
特殊程度分数: 2.512120

统计信息:
mean: 0.001256
std: 0.280575
min: -2.310041
max: 1.818567
range: 4.128609
skewness: 0.015274
kurtosis: 1.397713
q1: -0.159360
q3: 0.160424
iqr: 0.319784
zero_ratio: 0.000000
extreme_ratio: 0.008766
gini_like: 0.461903
