激活值: layer_6_post_attn_ln_output_input6
特殊程度分数: 35.328315

统计信息:
mean: 0.000803
std: 0.180633
min: -5.448411
max: 3.123613
range: 8.572023
skewness: -0.598033
kurtosis: 33.622358
q1: -0.101144
q3: 0.101341
iqr: 0.202485
zero_ratio: 0.000017
extreme_ratio: 0.005668
gini_like: 0.497273
