激活值: layer_22_input_ln_input_input6
特殊程度分数: 27497.030441

统计信息:
mean: 0.026758
std: 12.697605
min: -1438.472290
max: 2446.748535
range: 3885.220703
skewness: 104.224823
kurtosis: 27391.779597
q1: -0.622751
q3: 0.631831
iqr: 1.254582
zero_ratio: 0.000000
extreme_ratio: 0.000140
gini_like: 0.511616
