激活值: layer_11_ffn_up_activation_input7
特殊程度分数: 2.384474

统计信息:
mean: 0.002459
std: 0.288456
min: -2.355318
max: 2.139123
range: 4.494441
skewness: 0.031911
kurtosis: 1.268565
q1: -0.161626
q3: 0.166499
iqr: 0.328125
zero_ratio: 0.000000
extreme_ratio: 0.007861
gini_like: 0.463385
