激活值: layer_2_input_ln_input_input6
特殊程度分数: 27802.279677

统计信息:
mean: 0.017632
std: 12.562055
min: -1432.722534
max: 2426.781006
range: 3859.503418
skewness: 104.439472
kurtosis: 27696.064341
q1: -0.029974
q3: 0.030590
iqr: 0.060564
zero_ratio: 0.000017
extreme_ratio: 0.000209
gini_like: 0.885826
