激活值: layer_18_post_attn_ln_output_input6
特殊程度分数: 9.632831

统计信息:
mean: 0.001289
std: 0.287488
min: -5.076799
max: 5.101517
range: 10.178316
skewness: 0.093928
kurtosis: 8.434020
q1: -0.164112
q3: 0.165723
iqr: 0.329835
zero_ratio: 0.000035
extreme_ratio: 0.005598
gini_like: 0.496437
