激活值: layer_28_post_attn_ln_input_input5
特殊程度分数: 27170.262954

统计信息:
mean: 0.038396
std: 12.936467
min: -1461.168823
max: 2486.135986
range: 3947.304688
skewness: 103.209057
kurtosis: 27066.035440
q1: -0.851084
q3: 0.859114
iqr: 1.710198
zero_ratio: 0.000000
extreme_ratio: 0.000296
gini_like: 0.506264
