激活值: layer_31_input_ln_output_input4
特殊程度分数: 23.206346

统计信息:
mean: 0.000361
std: 0.406148
min: -5.389422
max: 10.516048
range: 15.905470
skewness: 0.653630
kurtosis: 21.525613
q1: -0.241688
q3: 0.242295
iqr: 0.483983
zero_ratio: 0.000016
extreme_ratio: 0.005436
gini_like: 0.459177
