激活值: layer_16_ffn_down_activation_input2
特殊程度分数: 50.350349

统计信息:
mean: -0.001008
std: 0.214160
min: -4.614513
max: 5.654550
range: 10.269064
skewness: 1.175722
kurtosis: 48.180613
q1: -0.123133
q3: 0.119347
iqr: 0.242480
zero_ratio: 0.000000
extreme_ratio: 0.004593
gini_like: 0.451078
