激活值: layer_8_input_ln_input_input5
特殊程度分数: 27914.119569

统计信息:
mean: 0.019309
std: 12.818644
min: -1462.375244
max: 2479.426270
range: 3941.801514
skewness: 104.805766
kurtosis: 27807.876227
q1: -0.132025
q3: 0.133955
iqr: 0.265981
zero_ratio: 0.000000
extreme_ratio: 0.000209
gini_like: 0.716695
