激活值: layer_19_ffn_gate_activation_input3
特殊程度分数: 3.644511

统计信息:
mean: -0.224887
std: 0.508873
min: -4.372219
max: 5.667545
range: 10.039764
skewness: -0.062920
kurtosis: 2.132965
q1: -0.536166
q3: 0.064194
iqr: 0.600360
zero_ratio: 0.000006
extreme_ratio: 0.025715
gini_like: 0.467162
