激活值: layer_3_ffn_up_activation_input8
特殊程度分数: 2.616503

统计信息:
mean: 0.000239
std: 0.156099
min: -1.737606
max: 1.632702
range: 3.370308
skewness: -0.022969
kurtosis: 1.546463
q1: -0.092290
q3: 0.092565
iqr: 0.184855
zero_ratio: 0.000006
extreme_ratio: 0.007370
gini_like: 0.449835
