激活值: layer_10_input_ln_output_input9
特殊程度分数: 91.365613

统计信息:
mean: 0.000036
std: 0.376557
min: -8.974160
max: 10.581062
range: 19.555222
skewness: 1.269726
kurtosis: 88.993956
q1: -0.180687
q3: 0.173592
iqr: 0.354279
zero_ratio: 0.000000
extreme_ratio: 0.004639
gini_like: 0.504579
