激活值: layer_28_post_attn_ln_output_input3
特殊程度分数: 12.132156

统计信息:
mean: -0.001319
std: 0.401954
min: -7.626746
max: 8.286178
range: 15.912924
skewness: 0.072149
kurtosis: 10.960383
q1: -0.234019
q3: 0.229720
iqr: 0.463739
zero_ratio: 0.000000
extreme_ratio: 0.005794
gini_like: 0.491869
