激活值: layer_22_q_activation_input0
特殊程度分数: 24.668575

统计信息:
mean: 0.023030
std: 1.230158
min: -13.938704
max: 13.728091
range: 27.666796
skewness: 0.772644
kurtosis: 22.567524
q1: -0.487819
q3: 0.486264
iqr: 0.974084
zero_ratio: 0.000000
extreme_ratio: 0.013409
gini_like: 0.530114
