激活值: layer_12_o_activation_input7
特殊程度分数: 61.441614

统计信息:
mean: 0.000203
std: 0.061912
min: -0.755526
max: 2.332955
range: 3.088481
skewness: 1.761958
kurtosis: 58.624938
q1: -0.034965
q3: 0.035306
iqr: 0.070270
zero_ratio: 0.000056
extreme_ratio: 0.007362
gini_like: 0.453699
