激活值: layer_11_input_ln_output_input0
特殊程度分数: 94.689180

统计信息:
mean: 0.002744
std: 0.396525
min: -10.931452
max: 10.002579
range: 20.934031
skewness: 1.029807
kurtosis: 92.521863
q1: -0.183386
q3: 0.187260
iqr: 0.370647
zero_ratio: 0.000038
extreme_ratio: 0.004883
gini_like: 0.519898
