激活值: layer_15_post_attn_ln_input_input8
特殊程度分数: 32083.777542

统计信息:
mean: 0.020003
std: 12.197626
min: -1489.536255
max: 2526.757080
range: 4016.293457
skewness: 112.463675
kurtosis: 31970.108805
q1: -0.255818
q3: 0.259115
iqr: 0.514933
zero_ratio: 0.000000
extreme_ratio: 0.000183
gini_like: 0.600700
