激活值: layer_15_input_ln_output_input6
特殊程度分数: 157.162229

统计信息:
mean: 0.001897
std: 0.417473
min: -10.360632
max: 13.582438
range: 23.943069
skewness: 2.796561
kurtosis: 153.230394
q1: -0.183742
q3: 0.181067
iqr: 0.364809
zero_ratio: 0.000035
extreme_ratio: 0.004900
gini_like: 0.518608
