激活值: layer_7_ffn_gate_activation_input0
特殊程度分数: 3.143297

统计信息:
mean: -0.142501
std: 0.315408
min: -2.408768
max: 2.162699
range: 4.571467
skewness: -0.152088
kurtosis: 1.518176
q1: -0.324747
q3: 0.044181
iqr: 0.368928
zero_ratio: 0.000000
extreme_ratio: 0.028357
gini_like: 0.452946
