激活值: layer_30_ffn_gate_activation_input5
特殊程度分数: 223.543162

统计信息:
mean: -0.220659
std: 0.844068
min: -39.517963
max: 33.487438
range: 73.005402
skewness: -4.167669
kurtosis: 217.912960
q1: -0.558875
q3: 0.125791
iqr: 0.684666
zero_ratio: 0.000000
extreme_ratio: 0.020589
gini_like: 0.525377
