激活值: layer_29_input_ln_output_input4
特殊程度分数: 14.993391

统计信息:
mean: -0.000300
std: 0.473303
min: -7.755887
max: 8.776714
range: 16.532600
skewness: 0.163481
kurtosis: 13.724102
q1: -0.266129
q3: 0.262046
iqr: 0.528176
zero_ratio: 0.000016
extreme_ratio: 0.005778
gini_like: 0.495112
