激活值: layer_28_q_activation_input1
特殊程度分数: 24.034722

统计信息:
mean: 0.010814
std: 1.291304
min: -12.940889
max: 12.080703
range: 25.021591
skewness: -0.132987
kurtosis: 22.630970
q1: -0.523315
q3: 0.541579
iqr: 1.064894
zero_ratio: 0.000000
extreme_ratio: 0.011806
gini_like: 0.517323
