激活值: layer_25_input_ln_output_input0
特殊程度分数: 19.509092

统计信息:
mean: 0.004831
std: 0.498360
min: -8.865036
max: 9.963284
range: 18.828320
skewness: 0.363786
kurtosis: 18.005804
q1: -0.260280
q3: 0.269391
iqr: 0.529671
zero_ratio: 0.000000
extreme_ratio: 0.005878
gini_like: 0.510969
