激活值: layer_29_input_ln_input_input8
特殊程度分数: 31021.695650

统计信息:
mean: 0.033592
std: 12.317367
min: -1488.393921
max: 2530.685059
range: 4019.079102
skewness: 110.026163
kurtosis: 30910.680579
q1: -0.951045
q3: 0.961904
iqr: 1.912949
zero_ratio: 0.000000
extreme_ratio: 0.000290
gini_like: 0.491555
