激活值: layer_1_post_attn_ln_input_input0
特殊程度分数: 81.686398

统计信息:
mean: 0.000538
std: 0.041785
min: -0.646088
max: 1.495710
range: 2.141798
skewness: 2.582301
kurtosis: 77.833343
q1: -0.018338
q3: 0.018907
iqr: 0.037245
zero_ratio: 0.000019
extreme_ratio: 0.014235
gini_like: 0.493010
