激活值: layer_29_input_ln_output_input5
特殊程度分数: 28.396413

统计信息:
mean: 0.003087
std: 0.451257
min: -7.363835
max: 7.881561
range: 15.245396
skewness: 0.589704
kurtosis: 26.666271
q1: -0.229034
q3: 0.233273
iqr: 0.462307
zero_ratio: 0.000035
extreme_ratio: 0.005947
gini_like: 0.510727
