激活值: layer_6_input_ln_input_input8
特殊程度分数: 32123.265110

统计信息:
mean: 0.016542
std: 12.185876
min: -1489.379761
max: 2524.983643
range: 4014.363281
skewness: 112.467659
kurtosis: 32009.289733
q1: -0.093414
q3: 0.094915
iqr: 0.188329
zero_ratio: 0.000000
extreme_ratio: 0.000214
gini_like: 0.751723
