激活值: layer_0_ffn_up_activation_input1
特殊程度分数: 14.665553

统计信息:
mean: -0.000235
std: 0.077704
min: -1.232725
max: 1.471739
range: 2.704464
skewness: 0.352511
kurtosis: 13.150070
q1: -0.041866
q3: 0.041470
iqr: 0.083336
zero_ratio: 0.000000
extreme_ratio: 0.011706
gini_like: 0.464428
