激活值: layer_19_self_attn_output_input6
特殊程度分数: 18.302084

统计信息:
mean: 0.001017
std: 0.085809
min: -0.705644
max: 2.310567
range: 3.016211
skewness: 0.698210
kurtosis: 16.530454
q1: -0.048551
q3: 0.050270
iqr: 0.098822
zero_ratio: 0.000000
extreme_ratio: 0.008440
gini_like: 0.452307
