激活值: layer_25_self_attn_output_input5
特殊程度分数: 57.392038

统计信息:
mean: 0.000314
std: 0.090128
min: -0.614383
max: 2.553161
range: 3.167544
skewness: 2.197914
kurtosis: 53.877766
q1: -0.039819
q3: 0.040660
iqr: 0.080478
zero_ratio: 0.000000
extreme_ratio: 0.015206
gini_like: 0.506114
