激活值: layer_24_input_ln_output_input7
特殊程度分数: 32.781099

统计信息:
mean: 0.001328
std: 0.469652
min: -8.782560
max: 8.415315
range: 17.197876
skewness: 0.428843
kurtosis: 31.238194
q1: -0.248012
q3: 0.249110
iqr: 0.497123
zero_ratio: 0.000019
extreme_ratio: 0.004845
gini_like: 0.508564
