激活值: layer_16_ffn_up_activation_input4
特殊程度分数: 2.867008

统计信息:
mean: 0.002241
std: 0.395946
min: -2.811501
max: 4.407785
range: 7.219287
skewness: 0.050407
kurtosis: 1.706433
q1: -0.222432
q3: 0.226878
iqr: 0.449311
zero_ratio: 0.000000
extreme_ratio: 0.008794
gini_like: 0.467148
