激活值: layer_1_v_activation_input3
特殊程度分数: 39.698463

统计信息:
mean: 0.000028
std: 0.050335
min: -1.159102
max: 1.292419
range: 2.451521
skewness: 0.123230
kurtosis: 38.115249
q1: -0.016978
q3: 0.017081
iqr: 0.034059
zero_ratio: 0.000033
extreme_ratio: 0.016976
gini_like: 0.560209
