激活值: layer_19_ffn_down_activation_input5
特殊程度分数: 34.751614

统计信息:
mean: 0.002797
std: 0.253468
min: -3.495116
max: 6.926814
range: 10.421930
skewness: 1.441085
kurtosis: 32.335527
q1: -0.149444
q3: 0.151197
iqr: 0.300640
zero_ratio: 0.000000
extreme_ratio: 0.004987
gini_like: 0.437626
