激活值: layer_26_input_ln_input_input4
特殊程度分数: 29402.189497

统计信息:
mean: 0.025932
std: 12.536065
min: -1468.993530
max: 2500.294922
range: 3969.288574
skewness: 107.626302
kurtosis: 29293.565712
q1: -0.818048
q3: 0.818029
iqr: 1.636077
zero_ratio: 0.000000
extreme_ratio: 0.000179
gini_like: 0.496951
