激活值: layer_18_input_ln_output_input5
特殊程度分数: 72.287640

统计信息:
mean: 0.003558
std: 0.433110
min: -9.577819
max: 9.605198
range: 19.183018
skewness: 0.675185
kurtosis: 70.487270
q1: -0.204505
q3: 0.208372
iqr: 0.412877
zero_ratio: 0.000035
extreme_ratio: 0.004900
gini_like: 0.513564
