激活值: layer_27_o_activation_input2
特殊程度分数: 34.100141

统计信息:
mean: 0.001321
std: 0.164819
min: -1.028309
max: 4.037422
range: 5.065730
skewness: 1.471569
kurtosis: 31.388959
q1: -0.077741
q3: 0.079080
iqr: 0.156820
zero_ratio: 0.000015
extreme_ratio: 0.012451
gini_like: 0.495283
