激活值: layer_0_v_activation_input8
特殊程度分数: 133.451583

统计信息:
mean: -0.000142
std: 0.035080
min: -1.257307
max: 1.006208
range: 2.263515
skewness: -0.112647
kurtosis: 131.663758
q1: -0.005263
q3: 0.005196
iqr: 0.010459
zero_ratio: 0.000107
extreme_ratio: 0.016647
gini_like: 0.671036
