激活值: layer_25_k_activation_input0
特殊程度分数: 24.207807

统计信息:
mean: -0.035577
std: 1.318528
min: -13.134513
max: 12.537716
range: 25.672230
skewness: -1.005485
kurtosis: 21.833672
q1: -0.520944
q3: 0.486193
iqr: 1.007136
zero_ratio: 0.000019
extreme_ratio: 0.012038
gini_like: 0.563931
