激活值: layer_21_input_ln_input_input6
特殊程度分数: 27573.235849

统计信息:
mean: 0.023260
std: 12.687312
min: -1438.494141
max: 2446.425781
range: 3884.919922
skewness: 104.419812
kurtosis: 27467.776969
q1: -0.556788
q3: 0.555685
iqr: 1.112473
zero_ratio: 0.000000
extreme_ratio: 0.000140
gini_like: 0.518139
