激活值: layer_21_v_activation_input6
特殊程度分数: 3.039537

统计信息:
mean: 0.003300
std: 0.501041
min: -3.710921
max: 3.763448
range: 7.474370
skewness: 0.109970
kurtosis: 1.744358
q1: -0.277930
q3: 0.280785
iqr: 0.558714
zero_ratio: 0.000000
extreme_ratio: 0.008789
gini_like: 0.504714
