激活值: layer_18_post_attn_ln_output_input0
特殊程度分数: 9.196448

统计信息:
mean: 0.000946
std: 0.294093
min: -5.076799
max: 5.101517
range: 10.178316
skewness: 0.066124
kurtosis: 8.017887
q1: -0.165312
q3: 0.168214
iqr: 0.333526
zero_ratio: 0.000000
extreme_ratio: 0.005409
gini_like: 0.502132
