激活值: layer_16_input_ln_output_input5
特殊程度分数: 131.373026

统计信息:
mean: 0.004158
std: 0.421027
min: -10.364531
max: 12.358147
range: 22.722677
skewness: 1.893440
kurtosis: 128.350881
q1: -0.185879
q3: 0.189533
iqr: 0.375413
zero_ratio: 0.000000
extreme_ratio: 0.004639
gini_like: 0.517966
