激活值: layer_20_post_attn_ln_output_input7
特殊程度分数: 8.247786

统计信息:
mean: 0.000397
std: 0.308670
min: -5.383159
max: 5.162079
range: 10.545238
skewness: -0.004629
kurtosis: 7.141861
q1: -0.176335
q3: 0.177456
iqr: 0.353790
zero_ratio: 0.000000
extreme_ratio: 0.005033
gini_like: 0.500317
