激活值: layer_29_post_attn_ln_output_input6
特殊程度分数: 18.195871

统计信息:
mean: 0.001660
std: 0.389927
min: -7.564986
max: 9.199638
range: 16.764626
skewness: 0.221003
kurtosis: 16.878696
q1: -0.218771
q3: 0.224731
iqr: 0.443502
zero_ratio: 0.000000
extreme_ratio: 0.005197
gini_like: 0.496119
