激活值: layer_5_self_attn_output_input1
特殊程度分数: 13.819644

统计信息:
mean: 0.000233
std: 0.044777
min: -0.522433
max: 1.035558
range: 1.557991
skewness: 0.443297
kurtosis: 12.266166
q1: -0.025304
q3: 0.025385
iqr: 0.050689
zero_ratio: 0.000017
extreme_ratio: 0.009957
gini_like: 0.455503
