激活值: layer_9_ffn_down_activation_input2
特殊程度分数: 207.131784

统计信息:
mean: 0.000247
std: 0.091012
min: -5.226294
max: 3.223919
range: 8.450212
skewness: -1.762495
kurtosis: 204.359425
q1: -0.050689
q3: 0.051367
iqr: 0.102056
zero_ratio: 0.000000
extreme_ratio: 0.003799
gini_like: 0.466937
