激活值: layer_28_self_attn_output_input2
特殊程度分数: 308.916810

统计信息:
mean: 0.002124
std: 0.162846
min: -0.937171
max: 6.479845
range: 7.417016
skewness: 8.624998
kurtosis: 299.248462
q1: -0.076986
q3: 0.078125
iqr: 0.155111
zero_ratio: 0.000000
extreme_ratio: 0.004883
gini_like: 0.472847
