激活值: layer_15_k_activation_input2
特殊程度分数: 23.006898

统计信息:
mean: -0.009511
std: 1.414564
min: -14.202605
max: 13.566575
range: 27.769180
skewness: -0.467918
kurtosis: 21.061497
q1: -0.487838
q3: 0.471869
iqr: 0.959707
zero_ratio: 0.000000
extreme_ratio: 0.015396
gini_like: 0.584781
