激活值: layer_21_post_attn_ln_output_input1
特殊程度分数: 8.783461

统计信息:
mean: -0.000608
std: 0.308034
min: -5.729201
max: 5.055783
range: 10.784985
skewness: -0.035164
kurtosis: 7.643025
q1: -0.179700
q3: 0.176185
iqr: 0.355885
zero_ratio: 0.000017
extreme_ratio: 0.005685
gini_like: 0.495773
