激活值: layer_8_k_activation_input1
特殊程度分数: 23.163642

统计信息:
mean: -0.003335
std: 1.442937
min: -15.482204
max: 15.278742
range: 30.760946
skewness: 0.302351
kurtosis: 21.332959
q1: -0.495387
q3: 0.476016
iqr: 0.971403
zero_ratio: 0.000000
extreme_ratio: 0.017735
gini_like: 0.586815
