激活值: layer_28_v_activation_input1
特殊程度分数: 3.047487

统计信息:
mean: 0.007912
std: 0.610703
min: -4.864401
max: 4.417039
range: 9.281441
skewness: 0.047872
kurtosis: 1.832874
q1: -0.340412
q3: 0.352755
iqr: 0.693167
zero_ratio: 0.000000
extreme_ratio: 0.008248
gini_like: 0.500885
