激活值: layer_4_post_attn_ln_input_input6
特殊程度分数: 27782.424859

统计信息:
mean: 0.018699
std: 12.588511
min: -1435.240723
max: 2431.369385
range: 3866.610107
skewness: 104.426377
kurtosis: 27676.380259
q1: -0.066418
q3: 0.067822
iqr: 0.134240
zero_ratio: 0.000000
extreme_ratio: 0.000209
gini_like: 0.807019
