激活值: layer_1_input_ln_input_input6
特殊程度分数: 482.850012

统计信息:
mean: 0.000568
std: 0.041478
min: -0.802136
max: 2.384566
range: 3.186702
skewness: 11.451668
kurtosis: 470.222212
q1: -0.016812
q3: 0.016843
iqr: 0.033655
zero_ratio: 0.000052
extreme_ratio: 0.009923
gini_like: 0.488801
