激活值: layer_24_self_attn_output_input2
特殊程度分数: 576.986748

统计信息:
mean: 0.001226
std: 0.149067
min: -2.222816
max: 10.226421
range: 12.449237
skewness: 11.101764
kurtosis: 564.882702
q1: -0.073671
q3: 0.073144
iqr: 0.146816
zero_ratio: 0.000000
extreme_ratio: 0.003204
gini_like: 0.469097
