激活值: layer_11_ffn_gate_activation_input5
特殊程度分数: 5.020024

统计信息:
mean: -0.161889
std: 0.363577
min: -4.481348
max: 4.768462
range: 9.249809
skewness: -0.387929
kurtosis: 3.126249
q1: -0.367084
q3: 0.049507
iqr: 0.416591
zero_ratio: 0.000000
extreme_ratio: 0.028440
gini_like: 0.468519
