激活值: layer_5_v_activation_input6
特殊程度分数: 3.443346

统计信息:
mean: -0.004033
std: 0.258092
min: -2.139713
max: 1.571690
range: 3.711404
skewness: -0.109972
kurtosis: 2.131882
q1: -0.144715
q3: 0.137939
iqr: 0.282654
zero_ratio: 0.000017
extreme_ratio: 0.009347
gini_like: 0.507262
