激活值: layer_28_ffn_up_activation_input7
特殊程度分数: 7.416742

统计信息:
mean: -0.006204
std: 0.580330
min: -9.164619
max: 5.895423
range: 15.060042
skewness: -0.260763
kurtosis: 5.916703
q1: -0.310141
q3: 0.302035
iqr: 0.612176
zero_ratio: 0.000000
extreme_ratio: 0.013012
gini_like: 0.489523
