激活值: layer_18_ffn_down_activation_input2
特殊程度分数: 39.753200

统计信息:
mean: -0.000603
std: 0.226807
min: -8.446828
max: 4.350670
range: 12.797498
skewness: -0.423660
kurtosis: 38.179105
q1: -0.120370
q3: 0.118680
iqr: 0.239051
zero_ratio: 0.000000
extreme_ratio: 0.007523
gini_like: 0.499992
