激活值: layer_28_ffn_down_activation_input5
特殊程度分数: 18.102866

统计信息:
mean: 0.001270
std: 0.326521
min: -2.833453
max: 7.490187
range: 10.323640
skewness: 0.783191
kurtosis: 16.180242
q1: -0.170827
q3: 0.172384
iqr: 0.343211
zero_ratio: 0.000017
extreme_ratio: 0.007778
gini_like: 0.491927
