激活值: layer_29_post_attn_ln_output_input1
特殊程度分数: 24.196206

统计信息:
mean: -0.000647
std: 0.365436
min: -7.564986
max: 9.199638
range: 16.764626
skewness: 0.361823
kurtosis: 22.719134
q1: -0.207951
q3: 0.201969
iqr: 0.409920
zero_ratio: 0.000000
extreme_ratio: 0.006016
gini_like: 0.497461
