激活值: layer_10_post_attn_ln_input_input5
特殊程度分数: 27915.983856

统计信息:
mean: 0.020614
std: 12.820502
min: -1462.314697
max: 2479.887207
range: 3942.201904
skewness: 104.841229
kurtosis: 27809.777644
q1: -0.165795
q3: 0.168936
iqr: 0.334730
zero_ratio: 0.000017
extreme_ratio: 0.000209
gini_like: 0.680386
