激活值: layer_13_input_ln_output_input7
特殊程度分数: 75.324190

统计信息:
mean: 0.005786
std: 0.396164
min: -10.040434
max: 9.466427
range: 19.506861
skewness: 0.654012
kurtosis: 73.536439
q1: -0.181273
q3: 0.190459
iqr: 0.371733
zero_ratio: 0.000019
extreme_ratio: 0.004714
gini_like: 0.519718
