激活值: layer_14_q_activation_input8
特殊程度分数: 22.642593

统计信息:
mean: 0.008630
std: 1.215530
min: -12.181047
max: 12.511248
range: 24.692295
skewness: 0.338510
kurtosis: 20.897960
q1: -0.466148
q3: 0.451350
iqr: 0.917498
zero_ratio: 0.000000
extreme_ratio: 0.016373
gini_like: 0.539335
