激活值: layer_19_post_attn_ln_output_input5
特殊程度分数: 33.449379

统计信息:
mean: 0.002901
std: 0.298164
min: -6.343537
max: 8.486526
range: 14.830063
skewness: 0.524093
kurtosis: 31.813757
q1: -0.163941
q3: 0.168221
iqr: 0.332162
zero_ratio: 0.000000
extreme_ratio: 0.005685
gini_like: 0.498915
