激活值: layer_11_o_activation_input2
特殊程度分数: 33.357502

统计信息:
mean: -0.000886
std: 0.055789
min: -1.652904
max: 1.313605
range: 2.966509
skewness: -0.798419
kurtosis: 31.554483
q1: -0.034227
q3: 0.033044
iqr: 0.067271
zero_ratio: 0.000000
extreme_ratio: 0.006241
gini_like: 0.439891
