激活值: layer_0_self_attn_output_input8
特殊程度分数: 487.729168

统计信息:
mean: 0.000387
std: 0.019023
min: -0.590204
max: 0.803770
range: 1.393975
skewness: 12.101283
kurtosis: 474.379614
q1: -0.005550
q3: 0.005764
iqr: 0.011314
zero_ratio: 0.000137
extreme_ratio: 0.008759
gini_like: 0.536447
