激活值: layer_3_post_attn_ln_output_input8
特殊程度分数: 27.760984

统计信息:
mean: 0.000440
std: 0.126166
min: -3.477399
max: 2.854957
range: 6.332356
skewness: -0.259417
kurtosis: 26.401114
q1: -0.072226
q3: 0.072778
iqr: 0.145003
zero_ratio: 0.000061
extreme_ratio: 0.006012
gini_like: 0.490061
