激活值: layer_6_q_activation_input6
特殊程度分数: 18.473738

统计信息:
mean: -0.019141
std: 1.231824
min: -11.404088
max: 10.884939
range: 22.289028
skewness: -0.050079
kurtosis: 16.941452
q1: -0.470482
q3: 0.440029
iqr: 0.910512
zero_ratio: 0.000000
extreme_ratio: 0.019200
gini_like: 0.549105
