激活值: layer_14_input_ln_input_input7
特殊程度分数: 25643.714302

统计信息:
mean: 0.023353
std: 13.001446
min: -1424.396973
max: 2415.654785
range: 3840.051758
skewness: 100.449032
kurtosis: 25541.997229
q1: -0.232921
q3: 0.240628
iqr: 0.473549
zero_ratio: 0.000000
extreme_ratio: 0.000207
gini_like: 0.631955
