激活值: layer_13_ffn_gate_activation_input9
特殊程度分数: 3.951038

统计信息:
mean: -0.188872
std: 0.404847
min: -4.269657
max: 2.576053
range: 6.845710
skewness: -0.207826
kurtosis: 2.222101
q1: -0.429534
q3: 0.049489
iqr: 0.479024
zero_ratio: 0.000005
extreme_ratio: 0.029797
gini_like: 0.462586
