激活值: layer_13_input_ln_output_input2
特殊程度分数: 213.979492

统计信息:
mean: 0.004270
std: 0.401961
min: -21.040573
max: 11.589229
range: 32.629803
skewness: -0.238236
kurtosis: 212.616743
q1: -0.174748
q3: 0.175666
iqr: 0.350414
zero_ratio: 0.000015
extreme_ratio: 0.004532
gini_like: 0.516926
