激活值: layer_30_ffn_down_activation_input2
特殊程度分数: 34508.273341

统计信息:
mean: -0.010994
std: 11.248324
min: -2375.812500
max: 1417.026855
range: 3792.839355
skewness: -115.432034
kurtosis: 34391.708467
q1: -0.352682
q3: 0.359260
iqr: 0.711942
zero_ratio: 0.000000
extreme_ratio: 0.000153
gini_like: 0.564894
