激活值: layer_17_q_activation_input8
特殊程度分数: 24.604009

统计信息:
mean: 0.013271
std: 1.266606
min: -11.860568
max: 12.895720
range: 24.756289
skewness: 0.195718
kurtosis: 23.036476
q1: -0.465081
q3: 0.483254
iqr: 0.948335
zero_ratio: 0.000000
extreme_ratio: 0.014633
gini_like: 0.539576
