激活值: layer_5_mlp_output_input4
特殊程度分数: 8.937633

统计信息:
mean: -0.000350
std: 0.070516
min: -1.552203
max: 0.858391
range: 2.410594
skewness: -0.227916
kurtosis: 7.668739
q1: -0.041227
q3: 0.040195
iqr: 0.081422
zero_ratio: 0.000016
extreme_ratio: 0.005404
gini_like: 0.466440
