激活值: layer_28_post_attn_ln_output_input5
特殊程度分数: 19.462124

统计信息:
mean: 0.002234
std: 0.364576
min: -7.626746
max: 8.286178
range: 15.912924
skewness: 0.231262
kurtosis: 18.091203
q1: -0.197786
q3: 0.200013
iqr: 0.397800
zero_ratio: 0.000017
extreme_ratio: 0.006557
gini_like: 0.504247
