激活值: layer_22_input_ln_output_input1
特殊程度分数: 46.365599

统计信息:
mean: -0.001267
std: 0.446774
min: -9.310494
max: 8.638986
range: 17.949480
skewness: 0.122706
kurtosis: 45.130169
q1: -0.229343
q3: 0.223217
iqr: 0.452560
zero_ratio: 0.000035
extreme_ratio: 0.004761
gini_like: 0.508729
