激活值: layer_4_post_attn_ln_output_input9
特殊程度分数: 193.543796

统计信息:
mean: 0.000283
std: 0.158423
min: -5.869580
max: 7.398884
range: 13.268465
skewness: 1.521203
kurtosis: 190.962144
q1: -0.087474
q3: 0.088260
iqr: 0.175734
zero_ratio: 0.000014
extreme_ratio: 0.004294
gini_like: 0.487274
