激活值: layer_23_post_attn_ln_output_input7
特殊程度分数: 6.838016

统计信息:
mean: 0.001256
std: 0.339843
min: -5.948291
max: 4.761902
range: 10.710194
skewness: -0.089752
kurtosis: 5.640132
q1: -0.194584
q3: 0.199187
iqr: 0.393771
zero_ratio: 0.000019
extreme_ratio: 0.005503
gini_like: 0.499026
