激活值: layer_4_post_attn_ln_output_input2
特殊程度分数: 224.665085

统计信息:
mean: -0.001121
std: 0.154795
min: -5.869580
max: 7.399405
range: 13.268985
skewness: 1.766392
kurtosis: 221.828618
q1: -0.086739
q3: 0.084010
iqr: 0.170749
zero_ratio: 0.000031
extreme_ratio: 0.004532
gini_like: 0.489696
