激活值: layer_29_post_attn_ln_output_input7
特殊程度分数: 19.070163

统计信息:
mean: -0.000849
std: 0.392966
min: -7.564986
max: 9.199638
range: 16.764626
skewness: 0.243204
kurtosis: 17.707366
q1: -0.221328
q3: 0.218699
iqr: 0.440027
zero_ratio: 0.000000
extreme_ratio: 0.005784
gini_like: 0.501954
