激活值: layer_27_k_activation_input1
特殊程度分数: 34.242372

统计信息:
mean: -0.002969
std: 1.429531
min: -17.839020
max: 15.726583
range: 33.565601
skewness: -0.628744
kurtosis: 32.234424
q1: -0.515089
q3: 0.524233
iqr: 1.039322
zero_ratio: 0.000000
extreme_ratio: 0.012434
gini_like: 0.565265
