激活值: layer_30_ffn_gate_activation_input7
特殊程度分数: 193.984556

统计信息:
mean: -0.213769
std: 0.826060
min: -37.743782
max: 32.722454
range: 70.466232
skewness: -3.632368
kurtosis: 188.924089
q1: -0.569483
q3: 0.143246
iqr: 0.712729
zero_ratio: 0.000000
extreme_ratio: 0.019692
gini_like: 0.517130
