激活值: layer_7_ffn_gate_activation_input1
特殊程度分数: 3.285181

统计信息:
mean: -0.173119
std: 0.315482
min: -2.470025
max: 1.713410
range: 4.183435
skewness: -0.197736
kurtosis: 1.408223
q1: -0.359708
q3: 0.017870
iqr: 0.377578
zero_ratio: 0.000006
extreme_ratio: 0.039062
gini_like: 0.448981
