激活值: layer_5_post_attn_ln_output_input5
特殊程度分数: 43.557356

统计信息:
mean: 0.000212
std: 0.167119
min: -5.321669
max: 3.217433
range: 8.539102
skewness: -0.752793
kurtosis: 41.718835
q1: -0.095928
q3: 0.094923
iqr: 0.190851
zero_ratio: 0.000017
extreme_ratio: 0.004935
gini_like: 0.493500
