激活值: layer_2_ffn_up_activation_input6
特殊程度分数: 3.591423

统计信息:
mean: -0.000051
std: 0.137942
min: -1.325775
max: 2.273293
range: 3.599068
skewness: 0.085254
kurtosis: 2.423507
q1: -0.079965
q3: 0.079058
iqr: 0.159023
zero_ratio: 0.000000
extreme_ratio: 0.008234
gini_like: 0.458988
