激活值: layer_21_q_activation_input3
特殊程度分数: 23.988855

统计信息:
mean: -0.010075
std: 1.207004
min: -11.035347
max: 13.090001
range: 24.125347
skewness: -0.120193
kurtosis: 22.502468
q1: -0.455122
q3: 0.457815
iqr: 0.912937
zero_ratio: 0.000000
extreme_ratio: 0.014502
gini_like: 0.538078
