激活值: layer_18_o_activation_input8
特殊程度分数: 6.191767

统计信息:
mean: -0.000651
std: 0.108439
min: -1.452701
max: 2.240628
range: 3.693328
skewness: 0.071267
kurtosis: 5.021957
q1: -0.059837
q3: 0.058725
iqr: 0.118562
zero_ratio: 0.000015
extreme_ratio: 0.008148
gini_like: 0.467778
