激活值: layer_17_mlp_output_input7
特殊程度分数: 2.536562

统计信息:
mean: -0.001797
std: 0.190587
min: -0.967395
max: 2.306482
range: 3.273876
skewness: 0.046859
kurtosis: 1.374100
q1: -0.108322
q3: 0.105516
iqr: 0.213839
zero_ratio: 0.000000
extreme_ratio: 0.006855
gini_like: 0.489255
