激活值: layer_0_ffn_up_activation_input0
特殊程度分数: 13.017971

统计信息:
mean: -0.000448
std: 0.078517
min: -1.232725
max: 1.452892
range: 2.685617
skewness: 0.318950
kurtosis: 11.541821
q1: -0.043360
q3: 0.042581
iqr: 0.085941
zero_ratio: 0.000028
extreme_ratio: 0.011775
gini_like: 0.460832
