激活值: layer_27_mlp_output_input2
特殊程度分数: 2.951038

统计信息:
mean: -0.002354
std: 0.314708
min: -1.871815
max: 1.806447
range: 3.678262
skewness: 0.007089
kurtosis: 1.703613
q1: -0.156270
q3: 0.149833
iqr: 0.306103
zero_ratio: 0.000000
extreme_ratio: 0.011292
gini_like: 0.507253
