激活值: layer_28_ffn_down_activation_input2
特殊程度分数: 21.714380

统计信息:
mean: 0.001757
std: 0.330669
min: -2.685469
max: 10.056338
range: 12.741807
skewness: 0.757821
kurtosis: 19.786019
q1: -0.163924
q3: 0.165938
iqr: 0.329862
zero_ratio: 0.000015
extreme_ratio: 0.008255
gini_like: 0.502708
