激活值: layer_5_k_activation_input4
特殊程度分数: 23.051973

统计信息:
mean: 0.022290
std: 1.415994
min: -14.718971
max: 15.233265
range: 29.952236
skewness: 0.315723
kurtosis: 21.306386
q1: -0.527656
q3: 0.544040
iqr: 1.071696
zero_ratio: 0.000000
extreme_ratio: 0.015413
gini_like: 0.560798
