激活值: layer_12_q_activation_input2
特殊程度分数: 26.189956

统计信息:
mean: 0.001653
std: 1.203485
min: -11.918262
max: 13.138840
range: 25.057102
skewness: -0.024661
kurtosis: 24.750582
q1: -0.419881
q3: 0.433792
iqr: 0.853672
zero_ratio: 0.000000
extreme_ratio: 0.015762
gini_like: 0.549733
