激活值: layer_2_post_attn_ln_input_input2
特殊程度分数: 32124.477959

统计信息:
mean: 0.015571
std: 12.048657
min: -1473.307861
max: 2496.518555
range: 3969.826416
skewness: 112.386002
kurtosis: 32010.328433
q1: -0.030161
q3: 0.030467
iqr: 0.060629
zero_ratio: 0.000000
extreme_ratio: 0.000198
gini_like: 0.879778
