激活值: layer_27_q_activation_input8
特殊程度分数: 25.902465

统计信息:
mean: -0.001863
std: 1.286710
min: -12.486713
max: 12.383723
range: 24.870438
skewness: -0.099489
kurtosis: 24.561874
q1: -0.535571
q3: 0.543848
iqr: 1.079419
zero_ratio: 0.000000
extreme_ratio: 0.010971
gini_like: 0.510840
