激活值: layer_4_input_ln_input_input2
特殊程度分数: 32093.757873

统计信息:
mean: 0.015619
std: 12.073062
min: -1475.738770
max: 2500.879883
range: 3976.618652
skewness: 112.345614
kurtosis: 31979.766256
q1: -0.055039
q3: 0.053891
iqr: 0.108930
zero_ratio: 0.000031
extreme_ratio: 0.000198
gini_like: 0.820995
