激活值: layer_17_post_attn_ln_input_input1
特殊程度分数: 27882.520487

统计信息:
mean: 0.017208
std: 12.860817
min: -1463.805908
max: 2487.328369
range: 3951.134277
skewness: 105.026190
kurtosis: 27776.363175
q1: -0.366641
q3: 0.356323
iqr: 0.722964
zero_ratio: 0.000000
extreme_ratio: 0.000157
gini_like: 0.563992
