激活值: layer_27_input_ln_output_input7
特殊程度分数: 11.925395

统计信息:
mean: -0.000908
std: 0.479830
min: -7.622206
max: 6.223601
range: 13.845807
skewness: 0.137569
kurtosis: 10.662920
q1: -0.263222
q3: 0.261642
iqr: 0.524864
zero_ratio: 0.000000
extreme_ratio: 0.005559
gini_like: 0.506864
