激活值: layer_25_o_activation_input4
特殊程度分数: 32.234086

统计信息:
mean: 0.000756
std: 0.090311
min: -0.612104
max: 2.553161
range: 3.165265
skewness: 1.408378
kurtosis: 29.728600
q1: -0.048928
q3: 0.049635
iqr: 0.098563
zero_ratio: 0.000033
extreme_ratio: 0.008675
gini_like: 0.461779
