激活值: layer_16_v_activation_input1
特殊程度分数: 2.776508

统计信息:
mean: -0.002575
std: 0.407050
min: -2.503608
max: 2.758862
range: 5.262469
skewness: 0.014804
kurtosis: 1.571989
q1: -0.228580
q3: 0.221403
iqr: 0.449983
zero_ratio: 0.000000
extreme_ratio: 0.009208
gini_like: 0.502782
