激活值: layer_26_input_ln_output_input9
特殊程度分数: 22.245088

统计信息:
mean: -0.001499
std: 0.487053
min: -8.868843
max: 8.898501
range: 17.767345
skewness: 0.000231
kurtosis: 21.159487
q1: -0.273089
q3: 0.266646
iqr: 0.539735
zero_ratio: 0.000014
extreme_ratio: 0.005199
gini_like: 0.490686
