激活值: layer_23_v_activation_input6
特殊程度分数: 2.549418

统计信息:
mean: 0.002623
std: 0.560996
min: -3.689382
max: 4.545074
range: 8.234456
skewness: 0.064339
kurtosis: 1.333715
q1: -0.318380
q3: 0.320668
iqr: 0.639048
zero_ratio: 0.000000
extreme_ratio: 0.007446
gini_like: 0.501219
