激活值: layer_22_ffn_up_activation_input5
特殊程度分数: 3.071430

统计信息:
mean: 0.000841
std: 0.423517
min: -3.944225
max: 4.095620
range: 8.039845
skewness: 0.016056
kurtosis: 1.949552
q1: -0.236563
q3: 0.238935
iqr: 0.475498
zero_ratio: 0.000000
extreme_ratio: 0.008228
gini_like: 0.470633
