激活值: layer_14_ffn_down_activation_input3
特殊程度分数: 2.802722

统计信息:
mean: -0.002371
std: 0.158281
min: -0.985738
max: 2.072592
range: 3.058329
skewness: 0.044641
kurtosis: 1.614391
q1: -0.092872
q3: 0.086575
iqr: 0.179447
zero_ratio: 0.000000
extreme_ratio: 0.008691
gini_like: 0.484931
