激活值: layer_10_input_ln_output_input0
特殊程度分数: 107.385094

统计信息:
mean: 0.001810
std: 0.366368
min: -10.521890
max: 10.445115
range: 20.967005
skewness: 1.169322
kurtosis: 105.080780
q1: -0.170154
q3: 0.169651
iqr: 0.339805
zero_ratio: 0.000000
extreme_ratio: 0.004714
gini_like: 0.520358
