激活值: layer_30_ffn_up_activation_input9
特殊程度分数: 96.420316

统计信息:
mean: -0.005519
std: 0.842276
min: -34.299717
max: 33.799297
range: 68.099014
skewness: -2.004786
kurtosis: 93.038861
q1: -0.378915
q3: 0.375216
iqr: 0.754131
zero_ratio: 0.000000
extreme_ratio: 0.017239
gini_like: 0.515946
