激活值: layer_16_q_activation_input4
特殊程度分数: 26.926705

统计信息:
mean: 0.006882
std: 1.257426
min: -12.793023
max: 12.330273
range: 25.123295
skewness: 0.315131
kurtosis: 25.228751
q1: -0.456362
q3: 0.455458
iqr: 0.911820
zero_ratio: 0.000000
extreme_ratio: 0.014844
gini_like: 0.542974
