激活值: layer_18_input_ln_output_input3
特殊程度分数: 42.649728

统计信息:
mean: -0.000107
std: 0.431769
min: -8.125628
max: 9.485078
range: 17.610706
skewness: 0.349800
kurtosis: 41.189403
q1: -0.223122
q3: 0.219131
iqr: 0.442253
zero_ratio: 0.000033
extreme_ratio: 0.004932
gini_like: 0.505922
