激活值: layer_28_ffn_gate_activation_input5
特殊程度分数: 6.565187

统计信息:
mean: -0.236552
std: 0.616286
min: -5.979619
max: 6.093487
range: 12.073105
skewness: -0.618913
kurtosis: 4.377558
q1: -0.542757
q3: 0.081636
iqr: 0.624393
zero_ratio: 0.000000
extreme_ratio: 0.028843
gini_like: 0.495932
