激活值: layer_15_q_activation_input5
特殊程度分数: 30.608950

统计信息:
mean: -0.026748
std: 1.224770
min: -13.147504
max: 13.676521
range: 26.824024
skewness: -0.612464
kurtosis: 28.644122
q1: -0.461926
q3: 0.442440
iqr: 0.904366
zero_ratio: 0.000000
extreme_ratio: 0.013742
gini_like: 0.538766
