激活值: layer_23_ffn_down_activation_input5
特殊程度分数: 4.248958

统计信息:
mean: -0.001475
std: 0.241923
min: -1.441516
max: 3.996528
range: 5.438044
skewness: 0.136553
kurtosis: 2.953983
q1: -0.132698
q3: 0.129152
iqr: 0.261850
zero_ratio: 0.000000
extreme_ratio: 0.008318
gini_like: 0.496029
