激活值: layer_16_ffn_gate_activation_input1
特殊程度分数: 5.180267

统计信息:
mean: -0.193440
std: 0.444683
min: -4.030354
max: 4.481552
range: 8.511906
skewness: -0.095826
kurtosis: 3.622372
q1: -0.452468
q3: 0.051687
iqr: 0.504155
zero_ratio: 0.000000
extreme_ratio: 0.025962
gini_like: 0.471418
