激活值: layer_6_mlp_output_input4
特殊程度分数: 3.890162

统计信息:
mean: -0.000501
std: 0.075311
min: -1.069499
max: 0.490066
range: 1.559565
skewness: -0.178843
kurtosis: 2.659252
q1: -0.044195
q3: 0.043313
iqr: 0.087508
zero_ratio: 0.000016
extreme_ratio: 0.005534
gini_like: 0.470683
