激活值: layer_30_mlp_output_input3
特殊程度分数: 32275.358096

统计信息:
mean: -0.016125
std: 11.534825
min: -2357.322021
max: 1406.488525
range: 3763.810547
skewness: -111.551939
kurtosis: 32162.707782
q1: -0.398937
q3: 0.400402
iqr: 0.799339
zero_ratio: 0.000000
extreme_ratio: 0.000163
gini_like: 0.547560
