激活值: layer_7_mlp_output_input2
特殊程度分数: 1329.521010

统计信息:
mean: 0.000662
std: 0.085939
min: -8.199800
max: 2.258546
range: 10.458345
skewness: -13.330211
kurtosis: 1315.193476
q1: -0.044227
q3: 0.046033
iqr: 0.090261
zero_ratio: 0.000015
extreme_ratio: 0.002869
gini_like: 0.469964
