激活值: layer_8_mlp_output_input5
特殊程度分数: 4.982786

统计信息:
mean: 0.000524
std: 0.085772
min: -0.780695
max: 1.691156
range: 2.471852
skewness: 0.107544
kurtosis: 3.802611
q1: -0.048049
q3: 0.049462
iqr: 0.097510
zero_ratio: 0.000035
extreme_ratio: 0.005981
gini_like: 0.476475
