激活值: layer_4_input_ln_output_input2
特殊程度分数: 78.725724

统计信息:
mean: 0.000466
std: 0.272811
min: -5.346905
max: 5.987065
range: 11.333971
skewness: 0.753317
kurtosis: 76.822662
q1: -0.121001
q3: 0.118745
iqr: 0.239746
zero_ratio: 0.000000
extreme_ratio: 0.005768
gini_like: 0.517194
