激活值: layer_14_v_activation_input0
特殊程度分数: 2.662236

统计信息:
mean: 0.008693
std: 0.372199
min: -2.038575
max: 2.353398
range: 4.391973
skewness: 0.063345
kurtosis: 1.402403
q1: -0.192228
q3: 0.209639
iqr: 0.401867
zero_ratio: 0.000019
extreme_ratio: 0.008883
gini_like: 0.509400
