激活值: layer_21_k_activation_input4
特殊程度分数: 22.715172

统计信息:
mean: 0.006983
std: 1.349373
min: -13.226014
max: 14.919488
range: 28.145502
skewness: 0.464549
kurtosis: 20.779699
q1: -0.484453
q3: 0.490596
iqr: 0.975049
zero_ratio: 0.000000
extreme_ratio: 0.016357
gini_like: 0.571888
