激活值: layer_0_v_activation_input6
特殊程度分数: 140.746865

统计信息:
mean: -0.000285
std: 0.035236
min: -1.257307
max: 1.006208
range: 2.263515
skewness: -0.421547
kurtosis: 138.698418
q1: -0.006012
q3: 0.005884
iqr: 0.011897
zero_ratio: 0.000087
extreme_ratio: 0.016288
gini_like: 0.650508
