激活值: layer_0_ffn_up_activation_input2
特殊程度分数: 14.008984

统计信息:
mean: -0.000223
std: 0.071282
min: -1.232725
max: 1.286671
range: 2.519396
skewness: 0.332156
kurtosis: 12.511779
q1: -0.038903
q3: 0.038125
iqr: 0.077028
zero_ratio: 0.000006
extreme_ratio: 0.011895
gini_like: 0.463572
