激活值: layer_31_post_attn_ln_output_input1
特殊程度分数: 7.330857

统计信息:
mean: -0.000480
std: 0.362463
min: -4.121605
max: 4.862003
range: 8.983608
skewness: 0.382488
kurtosis: 6.014124
q1: -0.234895
q3: 0.231519
iqr: 0.466415
zero_ratio: 0.000000
extreme_ratio: 0.004447
gini_like: 0.422654
