激活值: layer_25_post_attn_ln_output_input7
特殊程度分数: 9.002351

统计信息:
mean: 0.000356
std: 0.356404
min: -6.801283
max: 5.462115
range: 12.263398
skewness: -0.108018
kurtosis: 7.781479
q1: -0.203524
q3: 0.204713
iqr: 0.408238
zero_ratio: 0.000000
extreme_ratio: 0.005559
gini_like: 0.500838
