激活值: layer_3_v_activation_input8
特殊程度分数: 3.920788

统计信息:
mean: -0.002790
std: 0.244272
min: -2.288339
max: 2.128293
range: 4.416632
skewness: -0.025085
kurtosis: 2.673013
q1: -0.137079
q3: 0.129998
iqr: 0.267077
zero_ratio: 0.000000
extreme_ratio: 0.010620
gini_like: 0.505144
