激活值: layer_16_ffn_down_activation_input6
特殊程度分数: 58.076309

统计信息:
mean: 0.000371
std: 0.211978
min: -4.623543
max: 5.666054
range: 10.289597
skewness: 1.303815
kurtosis: 55.840183
q1: -0.126682
q3: 0.125791
iqr: 0.252473
zero_ratio: 0.000000
extreme_ratio: 0.003627
gini_like: 0.429883
