激活值: layer_3_ffn_down_activation_input0
特殊程度分数: 4.018246

统计信息:
mean: -0.000195
std: 0.037392
min: -0.545134
max: 0.263819
range: 0.808954
skewness: -0.115626
kurtosis: 2.798583
q1: -0.020675
q3: 0.020313
iqr: 0.040988
zero_ratio: 0.000019
extreme_ratio: 0.007794
gini_like: 0.474068
