激活值: layer_20_post_attn_ln_output_input4
特殊程度分数: 7.155647

统计信息:
mean: -0.002126
std: 0.315686
min: -5.383159
max: 5.162079
range: 10.545238
skewness: -0.011675
kurtosis: 6.056295
q1: -0.187118
q3: 0.181195
iqr: 0.368313
zero_ratio: 0.000000
extreme_ratio: 0.005306
gini_like: 0.490779
