激活值: layer_4_k_activation_input0
特殊程度分数: 18.629272

统计信息:
mean: 0.000209
std: 1.330064
min: -11.882416
max: 12.432524
range: 24.314939
skewness: 0.118459
kurtosis: 17.050086
q1: -0.510317
q3: 0.505623
iqr: 1.015940
zero_ratio: 0.000000
extreme_ratio: 0.016752
gini_like: 0.562845
