激活值: layer_11_input_ln_input_input1
特殊程度分数: 27921.651976

统计信息:
mean: 0.018870
std: 12.830768
min: -1463.639893
max: 2482.014648
range: 3945.654541
skewness: 104.846419
kurtosis: 27815.455768
q1: -0.174559
q3: 0.176291
iqr: 0.350849
zero_ratio: 0.000000
extreme_ratio: 0.000209
gini_like: 0.672802
