激活值: layer_13_self_attn_output_input5
特殊程度分数: 40.377824

统计信息:
mean: 0.000546
std: 0.081166
min: -1.278318
max: 2.328376
range: 3.606694
skewness: 1.455568
kurtosis: 37.939851
q1: -0.047840
q3: 0.048408
iqr: 0.096249
zero_ratio: 0.000000
extreme_ratio: 0.005092
gini_like: 0.440282
