激活值: layer_7_k_activation_input3
特殊程度分数: 22.195504

统计信息:
mean: 0.009918
std: 1.373214
min: -15.633356
max: 13.393365
range: 29.026722
skewness: -0.100239
kurtosis: 20.632937
q1: -0.484416
q3: 0.483261
iqr: 0.967677
zero_ratio: 0.000000
extreme_ratio: 0.015609
gini_like: 0.575077
