激活值: layer_21_v_activation_input0
特殊程度分数: 2.389609

统计信息:
mean: 0.006488
std: 0.511958
min: -2.735589
max: 3.436215
range: 6.171804
skewness: 0.073929
kurtosis: 1.153587
q1: -0.279577
q3: 0.292023
iqr: 0.571600
zero_ratio: 0.000019
extreme_ratio: 0.007249
gini_like: 0.508542
