激活值: layer_1_v_activation_input1
特殊程度分数: 35.278970

统计信息:
mean: 0.000050
std: 0.052147
min: -1.176371
max: 1.292419
range: 2.468790
skewness: -0.022481
kurtosis: 33.764077
q1: -0.017093
q3: 0.017160
iqr: 0.034253
zero_ratio: 0.000017
extreme_ratio: 0.017770
gini_like: 0.568494
