激活值: layer_3_mlp_output_input5
特殊程度分数: 4.067146

统计信息:
mean: -0.000109
std: 0.038647
min: -0.512861
max: 0.530678
range: 1.043538
skewness: 0.026140
kurtosis: 2.937722
q1: -0.021336
q3: 0.021121
iqr: 0.042457
zero_ratio: 0.000017
extreme_ratio: 0.007812
gini_like: 0.473504
