激活值: layer_17_k_activation_input4
特殊程度分数: 23.272937

统计信息:
mean: -0.014822
std: 1.430345
min: -15.660002
max: 14.125114
range: 29.785116
skewness: -0.381876
kurtosis: 21.403155
q1: -0.500224
q3: 0.501330
iqr: 1.001554
zero_ratio: 0.000000
extreme_ratio: 0.016683
gini_like: 0.577123
