激活值: layer_12_k_activation_input4
特殊程度分数: 20.678109

统计信息:
mean: 0.015236
std: 1.439190
min: -15.945888
max: 14.148808
range: 30.094696
skewness: -0.143392
kurtosis: 19.057235
q1: -0.486599
q3: 0.517923
iqr: 1.004521
zero_ratio: 0.000016
extreme_ratio: 0.016016
gini_like: 0.578573
