激活值: layer_10_post_attn_ln_output_input0
特殊程度分数: 37.417526

统计信息:
mean: 0.000892
std: 0.210867
min: -5.922948
max: 4.532213
range: 10.455162
skewness: -0.372327
kurtosis: 35.930472
q1: -0.113163
q3: 0.115413
iqr: 0.228577
zero_ratio: 0.000019
extreme_ratio: 0.005071
gini_like: 0.506644
