激活值: layer_19_ffn_down_activation_input4
特殊程度分数: 15.032859

统计信息:
mean: -0.001344
std: 0.257476
min: -3.492970
max: 4.698308
range: 8.191278
skewness: 0.701820
kurtosis: 13.372157
q1: -0.160635
q3: 0.156080
iqr: 0.316715
zero_ratio: 0.000000
extreme_ratio: 0.004671
gini_like: 0.432729
