激活值: layer_17_input_ln_input_input4
特殊程度分数: 29928.468386

统计信息:
mean: 0.018592
std: 12.470794
min: -1470.261719
max: 2497.905029
range: 3968.166748
skewness: 108.811484
kurtosis: 29818.537652
q1: -0.346837
q3: 0.350798
iqr: 0.697635
zero_ratio: 0.000000
extreme_ratio: 0.000146
gini_like: 0.558160
