激活值: layer_21_post_attn_ln_output_input9
特殊程度分数: 6.553371

统计信息:
mean: -0.000593
std: 0.320972
min: -5.729201
max: 5.055783
range: 10.784985
skewness: -0.010515
kurtosis: 5.480178
q1: -0.192905
q3: 0.190079
iqr: 0.382984
zero_ratio: 0.000000
extreme_ratio: 0.004969
gini_like: 0.481649
