激活值: layer_10_q_activation_input3
特殊程度分数: 23.478759

统计信息:
mean: -0.019288
std: 1.195270
min: -12.067122
max: 11.521755
range: 23.588877
skewness: 0.351062
kurtosis: 21.734736
q1: -0.472377
q3: 0.425784
iqr: 0.898161
zero_ratio: 0.000000
extreme_ratio: 0.015592
gini_like: 0.540556
