激活值: layer_7_input_ln_output_input8
特殊程度分数: 74.180278

统计信息:
mean: 0.003577
std: 0.364580
min: -8.843359
max: 8.702719
range: 17.546078
skewness: 1.543201
kurtosis: 71.491238
q1: -0.166470
q3: 0.170261
iqr: 0.336731
zero_ratio: 0.000000
extreme_ratio: 0.006058
gini_like: 0.512342
