激活值: layer_0_k_activation_input2
特殊程度分数: 6.988115

统计信息:
mean: 0.005250
std: 0.653255
min: -5.240816
max: 5.487429
range: 10.728245
skewness: 0.223659
kurtosis: 5.549628
q1: -0.359250
q3: 0.356577
iqr: 0.715827
zero_ratio: 0.000000
extreme_ratio: 0.014526
gini_like: 0.462151
