激活值: layer_3_post_attn_ln_input_input2
特殊程度分数: 32095.589970

统计信息:
mean: 0.015719
std: 12.072371
min: -1475.701416
max: 2500.768555
range: 3976.469971
skewness: 112.347182
kurtosis: 31981.540111
q1: -0.042263
q3: 0.041865
iqr: 0.084128
zero_ratio: 0.000031
extreme_ratio: 0.000198
gini_like: 0.849332
