激活值: layer_23_post_attn_ln_output_input4
特殊程度分数: 5.915128

统计信息:
mean: -0.000060
std: 0.346004
min: -5.948291
max: 4.761902
range: 10.710194
skewness: -0.063892
kurtosis: 4.766289
q1: -0.204630
q3: 0.198833
iqr: 0.403464
zero_ratio: 0.000033
extreme_ratio: 0.005094
gini_like: 0.491505
