激活值: layer_10_ffn_down_activation_input6
特殊程度分数: 32.165985

统计信息:
mean: 0.001003
std: 0.100972
min: -1.027833
max: 2.933844
range: 3.961677
skewness: 1.120729
kurtosis: 30.024270
q1: -0.056961
q3: 0.058728
iqr: 0.115688
zero_ratio: 0.000000
extreme_ratio: 0.004185
gini_like: 0.468641
