激活值: layer_3_ffn_gate_activation_input6
特殊程度分数: 4.681480

统计信息:
mean: -0.063440
std: 0.198629
min: -2.582922
max: 1.680150
range: 4.263072
skewness: -0.222974
kurtosis: 3.185620
q1: -0.181627
q3: 0.051274
iqr: 0.232901
zero_ratio: 0.000006
extreme_ratio: 0.017565
gini_like: 0.460787
