激活值: layer_21_ffn_up_activation_input0
特殊程度分数: 2.176518

统计信息:
mean: -0.001925
std: 0.420556
min: -3.649112
max: 3.864100
range: 7.513211
skewness: 0.032823
kurtosis: 1.080170
q1: -0.241611
q3: 0.237975
iqr: 0.479586
zero_ratio: 0.000000
extreme_ratio: 0.006338
gini_like: 0.468382
