激活值: layer_29_ffn_up_activation_input3
特殊程度分数: 7.793428

统计信息:
mean: -0.004168
std: 0.693316
min: -13.875400
max: 9.456051
range: 23.331451
skewness: -0.238560
kurtosis: 6.219786
q1: -0.358273
q3: 0.352499
iqr: 0.710772
zero_ratio: 0.000000
extreme_ratio: 0.017030
gini_like: 0.497241
