激活值: layer_25_input_ln_input_input1
特殊程度分数: 27467.261448

统计信息:
mean: 0.026316
std: 12.921842
min: -1462.248779
max: 2490.326660
range: 3952.575439
skewness: 104.143670
kurtosis: 27362.095518
q1: -0.757916
q3: 0.744903
iqr: 1.502818
zero_ratio: 0.000000
extreme_ratio: 0.000262
gini_like: 0.508514
