激活值: layer_23_self_attn_output_input2
特殊程度分数: 177.065612

统计信息:
mean: 0.001634
std: 0.092784
min: -0.467284
max: 3.372759
range: 3.840043
skewness: 5.751645
kurtosis: 170.259310
q1: -0.045051
q3: 0.046646
iqr: 0.091696
zero_ratio: 0.000000
extreme_ratio: 0.005447
gini_like: 0.472855
