激活值: layer_3_ffn_up_activation_input5
特殊程度分数: 2.697507

统计信息:
mean: -0.000252
std: 0.158896
min: -1.657161
max: 1.265891
range: 2.923052
skewness: -0.033719
kurtosis: 1.608874
q1: -0.093338
q3: 0.092534
iqr: 0.185872
zero_ratio: 0.000000
extreme_ratio: 0.007397
gini_like: 0.453485
