激活值: layer_18_self_attn_output_input6
特殊程度分数: 6.019968

统计信息:
mean: 0.000831
std: 0.111550
min: -0.655058
max: 2.240628
range: 2.895686
skewness: 0.189558
kurtosis: 4.713511
q1: -0.060516
q3: 0.061801
iqr: 0.122317
zero_ratio: 0.000000
extreme_ratio: 0.009120
gini_like: 0.467246
