激活值: layer_24_input_ln_output_input2
特殊程度分数: 51.077171

统计信息:
mean: 0.001370
std: 0.457295
min: -12.418379
max: 9.036494
range: 21.454872
skewness: 0.513541
kurtosis: 49.409820
q1: -0.216666
q3: 0.215442
iqr: 0.432108
zero_ratio: 0.000015
extreme_ratio: 0.005554
gini_like: 0.521352
