激活值: layer_16_q_activation_input0
特殊程度分数: 28.034184

统计信息:
mean: 0.009978
std: 1.237841
min: -11.925081
max: 12.635473
range: 24.560555
skewness: 0.610297
kurtosis: 26.075483
q1: -0.460645
q3: 0.459822
iqr: 0.920467
zero_ratio: 0.000000
extreme_ratio: 0.013503
gini_like: 0.539174
