激活值: layer_5_k_activation_input1
特殊程度分数: 22.912298

统计信息:
mean: 0.019631
std: 1.397021
min: -14.317149
max: 15.048328
range: 29.365479
skewness: 0.288768
kurtosis: 21.184370
q1: -0.512359
q3: 0.520055
iqr: 1.032415
zero_ratio: 0.000000
extreme_ratio: 0.015276
gini_like: 0.566818
