激活值: layer_5_mlp_output_input9
特殊程度分数: 8.061733

统计信息:
mean: 0.000200
std: 0.067351
min: -1.166418
max: 0.878868
range: 2.045286
skewness: -0.238828
kurtosis: 6.811597
q1: -0.039622
q3: 0.039999
iqr: 0.079620
zero_ratio: 0.000014
extreme_ratio: 0.004653
gini_like: 0.459113
