激活值: layer_5_q_activation_input6
特殊程度分数: 17.917587

统计信息:
mean: -0.009249
std: 1.169560
min: -11.380617
max: 10.981089
range: 22.361706
skewness: 0.278114
kurtosis: 16.183243
q1: -0.457035
q3: 0.428681
iqr: 0.885716
zero_ratio: 0.000000
extreme_ratio: 0.018363
gini_like: 0.544487
