激活值: layer_26_post_attn_ln_output_input8
特殊程度分数: 8.975294

统计信息:
mean: 0.003754
std: 0.364879
min: -7.244009
max: 6.053998
range: 13.298008
skewness: -0.066762
kurtosis: 7.812500
q1: -0.208360
q3: 0.215782
iqr: 0.424142
zero_ratio: 0.000000
extreme_ratio: 0.005875
gini_like: 0.489270
