激活值: layer_25_q_activation_input6
特殊程度分数: 23.053291

统计信息:
mean: -0.002673
std: 1.241476
min: -11.381659
max: 11.471840
range: 22.853498
skewness: -0.108054
kurtosis: 21.618410
q1: -0.503163
q3: 0.495253
iqr: 0.998416
zero_ratio: 0.000000
extreme_ratio: 0.013689
gini_like: 0.526521
