激活值: layer_10_post_attn_ln_input_input6
特殊程度分数: 27736.846145

统计信息:
mean: 0.018405
std: 12.644548
min: -1439.978149
max: 2441.186523
range: 3881.164551
skewness: 104.435226
kurtosis: 27631.068535
q1: -0.177828
q3: 0.176658
iqr: 0.354485
zero_ratio: 0.000000
extreme_ratio: 0.000209
gini_like: 0.669099
