激活值: layer_23_q_activation_input7
特殊程度分数: 23.812670

统计信息:
mean: -0.015686
std: 1.214451
min: -10.792364
max: 11.996772
range: 22.789135
skewness: -0.326385
kurtosis: 22.161044
q1: -0.487946
q3: 0.476843
iqr: 0.964789
zero_ratio: 0.000000
extreme_ratio: 0.013146
gini_like: 0.531160
