激活值: layer_26_k_activation_input4
特殊程度分数: 24.146437

统计信息:
mean: -0.023281
std: 1.410212
min: -14.051846
max: 15.275178
range: 29.327023
skewness: -0.071167
kurtosis: 22.647830
q1: -0.530427
q3: 0.503004
iqr: 1.033431
zero_ratio: 0.000000
extreme_ratio: 0.014746
gini_like: 0.566259
