激活值: layer_19_o_activation_input4
特殊程度分数: 15.306911

统计信息:
mean: 0.001293
std: 0.092757
min: -1.356892
max: 2.310567
range: 3.667459
skewness: 0.512039
kurtosis: 13.703055
q1: -0.051415
q3: 0.053713
iqr: 0.105128
zero_ratio: 0.000033
extreme_ratio: 0.008854
gini_like: 0.457343
