激活值: layer_26_v_activation_input5
特殊程度分数: 3.440300

统计信息:
mean: 0.003847
std: 0.560187
min: -5.994940
max: 5.512274
range: 11.507214
skewness: 0.014707
kurtosis: 2.225310
q1: -0.301976
q3: 0.308276
iqr: 0.610251
zero_ratio: 0.000000
extreme_ratio: 0.009225
gini_like: 0.507891
