激活值: layer_28_v_activation_input5
特殊程度分数: 3.321728

统计信息:
mean: 0.000634
std: 0.611763
min: -4.139793
max: 4.354034
range: 8.493828
skewness: 0.028342
kurtosis: 2.090139
q1: -0.331677
q3: 0.332053
iqr: 0.663730
zero_ratio: 0.000017
extreme_ratio: 0.009155
gini_like: 0.510058
