激活值: layer_23_q_activation_input8
特殊程度分数: 25.046481

统计信息:
mean: -0.011954
std: 1.245406
min: -11.761780
max: 12.319505
range: 24.081284
skewness: -0.380364
kurtosis: 23.351194
q1: -0.490262
q3: 0.490221
iqr: 0.980483
zero_ratio: 0.000000
extreme_ratio: 0.012802
gini_like: 0.529440
