激活值: layer_17_q_activation_input9
特殊程度分数: 24.460947

统计信息:
mean: -0.000809
std: 1.259903
min: -11.568954
max: 13.382138
range: 24.951092
skewness: 0.211552
kurtosis: 22.882627
q1: -0.484741
q3: 0.469600
iqr: 0.954341
zero_ratio: 0.000000
extreme_ratio: 0.014720
gini_like: 0.536181
