激活值: layer_28_ffn_up_activation_input3
特殊程度分数: 6.738437

统计信息:
mean: -0.001596
std: 0.628829
min: -9.548947
max: 6.305158
range: 15.854105
skewness: -0.246439
kurtosis: 5.249251
q1: -0.333152
q3: 0.336713
iqr: 0.669865
zero_ratio: 0.000000
extreme_ratio: 0.013463
gini_like: 0.486744
