激活值: layer_0_q_activation_input1
特殊程度分数: 5.973471

统计信息:
mean: -0.011435
std: 0.837375
min: -9.140576
max: 12.655501
range: 21.796078
skewness: -0.069974
kurtosis: 4.803330
q1: -0.509944
q3: 0.492863
iqr: 1.002807
zero_ratio: 0.000000
extreme_ratio: 0.010638
gini_like: 0.443708
