激活值: layer_0_input_ln_input_input5
特殊程度分数: 3.470074

统计信息:
mean: -0.000013
std: 0.012917
min: -0.136719
max: 0.120605
range: 0.257324
skewness: -0.012526
kurtosis: 2.318666
q1: -0.006897
q3: 0.006805
iqr: 0.013702
zero_ratio: 0.000122
extreme_ratio: 0.008632
gini_like: 0.483028
