激活值: layer_30_v_activation_input5
特殊程度分数: 5.896469

统计信息:
mean: -0.001801
std: 0.659205
min: -4.943116
max: 8.762261
range: 13.705378
skewness: 0.122782
kurtosis: 4.554698
q1: -0.350639
q3: 0.348900
iqr: 0.699539
zero_ratio: 0.000000
extreme_ratio: 0.009835
gini_like: 0.511141
