激活值: layer_19_k_activation_input8
特殊程度分数: 23.300035

统计信息:
mean: -0.006012
std: 1.394537
min: -15.641422
max: 14.029866
range: 29.671288
skewness: -0.179721
kurtosis: 21.668708
q1: -0.513616
q3: 0.491935
iqr: 1.005551
zero_ratio: 0.000000
extreme_ratio: 0.015625
gini_like: 0.569553
