激活值: layer_19_input_ln_input_input6
特殊程度分数: 27633.700312

统计信息:
mean: 0.021065
std: 12.678666
min: -1439.792969
max: 2445.823242
range: 3885.616211
skewness: 104.445029
kurtosis: 27528.183640
q1: -0.455370
q3: 0.457901
iqr: 0.913271
zero_ratio: 0.000000
extreme_ratio: 0.000157
gini_like: 0.534252
