激活值: layer_2_q_activation_input6
特殊程度分数: 9.844616

统计信息:
mean: 0.003948
std: 1.112003
min: -8.734355
max: 8.582811
range: 17.317165
skewness: 0.108417
kurtosis: 8.228912
q1: -0.421073
q3: 0.432799
iqr: 0.853872
zero_ratio: 0.000000
extreme_ratio: 0.020316
gini_like: 0.550483
