激活值: layer_16_post_attn_ln_output_input4
特殊程度分数: 54.646471

统计信息:
mean: -0.000733
std: 0.270994
min: -6.458863
max: 9.011619
range: 15.470482
skewness: 0.833051
kurtosis: 52.715709
q1: -0.152576
q3: 0.149814
iqr: 0.302391
zero_ratio: 0.000016
extreme_ratio: 0.005518
gini_like: 0.493668
