激活值: layer_17_ffn_down_activation_input9
特殊程度分数: 3.496714

统计信息:
mean: -0.000832
std: 0.195696
min: -1.051519
max: 2.671744
range: 3.723263
skewness: 0.189690
kurtosis: 2.248488
q1: -0.118219
q3: 0.113886
iqr: 0.232106
zero_ratio: 0.000000
extreme_ratio: 0.005730
gini_like: 0.471967
