激活值: layer_24_ffn_gate_activation_input4
特殊程度分数: 3.634683

统计信息:
mean: -0.191968
std: 0.553971
min: -4.334301
max: 4.465842
range: 8.800142
skewness: -0.139825
kurtosis: 2.131033
q1: -0.520429
q3: 0.109144
iqr: 0.629574
zero_ratio: 0.000000
extreme_ratio: 0.020839
gini_like: 0.473519
