激活值: layer_14_input_ln_output_input9
特殊程度分数: 101.576082

统计信息:
mean: 0.001837
std: 0.418142
min: -10.103465
max: 12.734280
range: 22.837746
skewness: 1.324693
kurtosis: 99.158079
q1: -0.198900
q3: 0.198061
iqr: 0.396961
zero_ratio: 0.000014
extreme_ratio: 0.004423
gini_like: 0.502411
