激活值: layer_22_ffn_down_activation_input1
特殊程度分数: 2.550521

统计信息:
mean: 0.000255
std: 0.249048
min: -2.166064
max: 1.834640
range: 4.000704
skewness: 0.009532
kurtosis: 1.376691
q1: -0.136152
q3: 0.135531
iqr: 0.271683
zero_ratio: 0.000000
extreme_ratio: 0.008231
gini_like: 0.499839
