激活值: layer_13_input_ln_output_input0
特殊程度分数: 84.679223

统计信息:
mean: 0.001773
std: 0.395935
min: -10.654181
max: 10.401891
range: 21.056072
skewness: 0.809773
kurtosis: 82.741370
q1: -0.189501
q3: 0.190860
iqr: 0.380360
zero_ratio: 0.000038
extreme_ratio: 0.004695
gini_like: 0.517062
