激活值: layer_25_k_activation_input2
特殊程度分数: 28.665008

统计信息:
mean: -0.027821
std: 1.313430
min: -14.099328
max: 13.032050
range: 27.131378
skewness: -1.151905
kurtosis: 26.110348
q1: -0.471683
q3: 0.462391
iqr: 0.934074
zero_ratio: 0.000000
extreme_ratio: 0.012955
gini_like: 0.571830
