激活值: layer_5_ffn_up_activation_input4
特殊程度分数: 2.538982

统计信息:
mean: 0.001048
std: 0.216150
min: -1.786021
max: 2.078354
range: 3.864375
skewness: 0.033862
kurtosis: 1.438948
q1: -0.125042
q3: 0.127381
iqr: 0.252423
zero_ratio: 0.000006
extreme_ratio: 0.007855
gini_like: 0.454533
