激活值: layer_15_ffn_gate_activation_input9
特殊程度分数: 4.151107

统计信息:
mean: -0.189658
std: 0.439100
min: -4.719712
max: 4.580650
range: 9.300362
skewness: -0.203758
kurtosis: 2.487302
q1: -0.449386
q3: 0.060198
iqr: 0.509584
zero_ratio: 0.000000
extreme_ratio: 0.026494
gini_like: 0.465083
