激活值: layer_31_ffn_gate_activation_input4
特殊程度分数: 34.517596

统计信息:
mean: -0.140043
std: 1.123904
min: -8.979101
max: 18.452440
range: 27.431541
skewness: 3.619054
kurtosis: 29.561687
q1: -0.606532
q3: 0.249834
iqr: 0.856366
zero_ratio: 0.000000
extreme_ratio: 0.014801
gini_like: 0.520414
