激活值: layer_16_k_activation_input9
特殊程度分数: 19.342339

统计信息:
mean: -0.015730
std: 1.462731
min: -14.057597
max: 13.920291
range: 27.977888
skewness: 0.121043
kurtosis: 17.755994
q1: -0.549665
q3: 0.507352
iqr: 1.057017
zero_ratio: 0.000000
extreme_ratio: 0.016343
gini_like: 0.569220
