激活值: layer_22_ffn_up_activation_input0
特殊程度分数: 1.989735

统计信息:
mean: 0.004010
std: 0.432894
min: -2.773190
max: 3.414178
range: 6.187368
skewness: 0.024245
kurtosis: 0.893066
q1: -0.241017
q3: 0.249207
iqr: 0.490224
zero_ratio: 0.000000
extreme_ratio: 0.006541
gini_like: 0.470805
