激活值: layer_5_ffn_down_activation_input1
特殊程度分数: 6.975213

统计信息:
mean: 0.000049
std: 0.061258
min: -0.748372
max: 1.335930
range: 2.084302
skewness: 0.172970
kurtosis: 5.784686
q1: -0.035595
q3: 0.035410
iqr: 0.071005
zero_ratio: 0.000000
extreme_ratio: 0.004499
gini_like: 0.463787
