激活值: layer_10_post_attn_ln_input_input2
特殊程度分数: 32050.841732

统计信息:
mean: 0.018009
std: 12.128465
min: -1480.769775
max: 2511.582764
range: 3992.352539
skewness: 112.392300
kurtosis: 31937.102460
q1: -0.159739
q3: 0.162278
iqr: 0.322017
zero_ratio: 0.000000
extreme_ratio: 0.000214
gini_like: 0.671350
