激活值: layer_31_ffn_down_activation_input0
特殊程度分数: 89.986121

统计信息:
mean: 0.015306
std: 2.230045
min: -56.418152
max: 80.970009
range: 137.388153
skewness: 0.726326
kurtosis: 88.101222
q1: -1.055011
q3: 1.079972
iqr: 2.134984
zero_ratio: 0.000000
extreme_ratio: 0.010385
gini_like: 0.475433
