激活值: layer_15_ffn_up_activation_input5
特殊程度分数: 2.820854

统计信息:
mean: -0.003507
std: 0.351094
min: -3.095507
max: 3.197046
range: 6.292554
skewness: -0.011075
kurtosis: 1.689693
q1: -0.200043
q3: 0.193090
iqr: 0.393134
zero_ratio: 0.000000
extreme_ratio: 0.009240
gini_like: 0.467643
