激活值: layer_30_k_activation_input3
特殊程度分数: 30.699864

统计信息:
mean: -0.036741
std: 1.417223
min: -15.016854
max: 14.261248
range: 29.278103
skewness: -1.054025
kurtosis: 28.324619
q1: -0.562897
q3: 0.532380
iqr: 1.095277
zero_ratio: 0.000016
extreme_ratio: 0.010905
gini_like: 0.551548
