激活值: layer_21_ffn_down_activation_input3
特殊程度分数: 2.559810

统计信息:
mean: -0.002870
std: 0.261104
min: -3.039968
max: 1.913080
range: 4.953047
skewness: -0.048957
kurtosis: 1.412735
q1: -0.154079
q3: 0.145186
iqr: 0.299265
zero_ratio: 0.000016
extreme_ratio: 0.006429
gini_like: 0.484757
