激活值: layer_26_k_activation_input2
特殊程度分数: 26.180066

统计信息:
mean: -0.026853
std: 1.374740
min: -15.825472
max: 15.501176
range: 31.326649
skewness: -0.195594
kurtosis: 24.541029
q1: -0.501725
q3: 0.467791
iqr: 0.969515
zero_ratio: 0.000000
extreme_ratio: 0.014709
gini_like: 0.574627
