激活值: layer_16_ffn_up_activation_input3
特殊程度分数: 3.021539

统计信息:
mean: 0.003305
std: 0.398927
min: -2.708791
max: 4.405239
range: 7.114031
skewness: 0.072127
kurtosis: 1.828932
q1: -0.220303
q3: 0.227479
iqr: 0.447783
zero_ratio: 0.000006
extreme_ratio: 0.009006
gini_like: 0.470179
