激活值: layer_14_input_ln_output_input7
特殊程度分数: 96.948738

统计信息:
mean: 0.005089
std: 0.405173
min: -10.749418
max: 10.648674
range: 21.398092
skewness: 0.947941
kurtosis: 94.865055
q1: -0.179876
q3: 0.188169
iqr: 0.368045
zero_ratio: 0.000019
extreme_ratio: 0.004657
gini_like: 0.521282
