激活值: layer_5_v_activation_input2
特殊程度分数: 3.140638

统计信息:
mean: -0.004149
std: 0.262378
min: -2.436453
max: 2.054658
range: 4.491111
skewness: -0.085360
kurtosis: 1.893645
q1: -0.151907
q3: 0.142270
iqr: 0.294177
zero_ratio: 0.000015
extreme_ratio: 0.008255
gini_like: 0.498255
