激活值: layer_22_input_ln_output_input4
特殊程度分数: 28.767894

统计信息:
mean: -0.000704
std: 0.456914
min: -8.557018
max: 9.559912
range: 18.116930
skewness: 0.192231
kurtosis: 27.475454
q1: -0.249502
q3: 0.239306
iqr: 0.488808
zero_ratio: 0.000016
extreme_ratio: 0.004948
gini_like: 0.500613
