激活值: layer_13_post_attn_ln_output_input6
特殊程度分数: 31.354749

统计信息:
mean: 0.001023
std: 0.222537
min: -5.728652
max: 4.263790
range: 9.992443
skewness: 0.166784
kurtosis: 30.062902
q1: -0.118752
q3: 0.119039
iqr: 0.237792
zero_ratio: 0.000017
extreme_ratio: 0.005807
gini_like: 0.504448
