激活值: layer_3_mlp_output_input1
特殊程度分数: 4.850913

统计信息:
mean: -0.000204
std: 0.037597
min: -0.572549
max: 0.492778
range: 1.065328
skewness: -0.060986
kurtosis: 3.618764
q1: -0.020351
q3: 0.020078
iqr: 0.040429
zero_ratio: 0.000017
extreme_ratio: 0.010829
gini_like: 0.477274
