激活值: layer_16_input_ln_input_input8
特殊程度分数: 32074.449091

统计信息:
mean: 0.021849
std: 12.199391
min: -1489.462524
max: 2526.970947
range: 4016.433594
skewness: 112.458545
kurtosis: 31960.806988
q1: -0.274969
q3: 0.280402
iqr: 0.555371
zero_ratio: 0.000015
extreme_ratio: 0.000183
gini_like: 0.589936
