激活值: layer_0_post_attn_ln_output_input3
特殊程度分数: 205.651911

统计信息:
mean: 0.000412
std: 0.063743
min: -2.052831
max: 1.363271
range: 3.416101
skewness: -2.869594
kurtosis: 201.695018
q1: -0.025147
q3: 0.025677
iqr: 0.050824
zero_ratio: 0.000000
extreme_ratio: 0.006217
gini_like: 0.481475
