激活值: layer_15_input_ln_input_input6
特殊程度分数: 27705.910651

统计信息:
mean: 0.018547
std: 12.650439
min: -1440.094727
max: 2441.606201
range: 3881.700928
skewness: 104.381443
kurtosis: 27600.307678
q1: -0.261553
q3: 0.261497
iqr: 0.523050
zero_ratio: 0.000000
extreme_ratio: 0.000192
gini_like: 0.608847
