激活值: layer_24_post_attn_ln_output_input2
特殊程度分数: 10.536321

统计信息:
mean: 0.000356
std: 0.332526
min: -7.135838
max: 4.681540
range: 11.817379
skewness: -0.177150
kurtosis: 9.202624
q1: -0.175222
q3: 0.173695
iqr: 0.348917
zero_ratio: 0.000031
extreme_ratio: 0.006760
gini_like: 0.510655
