激活值: layer_10_input_ln_output_input2
特殊程度分数: 677.617499

统计信息:
mean: 0.004582
std: 0.384207
min: -29.921886
max: 11.603105
range: 41.524990
skewness: -4.480412
kurtosis: 672.010677
q1: -0.155297
q3: 0.156715
iqr: 0.312012
zero_ratio: 0.000031
extreme_ratio: 0.004227
gini_like: 0.520915
