激活值: layer_21_k_activation_input8
特殊程度分数: 23.080182

统计信息:
mean: 0.008389
std: 1.353695
min: -13.944533
max: 15.294676
range: 29.239208
skewness: 0.418223
kurtosis: 21.175938
q1: -0.478960
q3: 0.486593
iqr: 0.965553
zero_ratio: 0.000000
extreme_ratio: 0.017044
gini_like: 0.572570
