激活值: layer_27_post_attn_ln_input_input8
特殊程度分数: 31280.261885

统计信息:
mean: 0.036711
std: 12.303489
min: -1488.546143
max: 2533.313232
range: 4021.859375
skewness: 110.820376
kurtosis: 31168.447310
q1: -0.858790
q3: 0.875276
iqr: 1.734066
zero_ratio: 0.000000
extreme_ratio: 0.000229
gini_like: 0.494811
