激活值: layer_1_v_activation_input0
特殊程度分数: 35.160818

统计信息:
mean: -0.000062
std: 0.051792
min: -1.152446
max: 1.292419
range: 2.444865
skewness: -0.036655
kurtosis: 33.628624
q1: -0.017601
q3: 0.017305
iqr: 0.034906
zero_ratio: 0.000075
extreme_ratio: 0.018367
gini_like: 0.564045
