激活值: layer_2_post_attn_ln_output_input2
特殊程度分数: 285.332169

统计信息:
mean: 0.000152
std: 0.108763
min: -4.002464
max: 5.682736
range: 9.685200
skewness: 2.843808
kurtosis: 281.448917
q1: -0.060561
q3: 0.060395
iqr: 0.120955
zero_ratio: 0.000046
extreme_ratio: 0.003143
gini_like: 0.488254
