激活值: layer_4_post_attn_ln_output_input3
特殊程度分数: 253.219285

统计信息:
mean: -0.000045
std: 0.152696
min: -5.869580
max: 7.398567
range: 13.268147
skewness: 1.948683
kurtosis: 250.186858
q1: -0.082163
q3: 0.081611
iqr: 0.163774
zero_ratio: 0.000033
extreme_ratio: 0.004655
gini_like: 0.495298
