激活值: layer_15_q_activation_input2
特殊程度分数: 30.974039

统计信息:
mean: -0.022428
std: 1.229359
min: -12.584838
max: 12.857780
range: 25.442617
skewness: -0.586678
kurtosis: 29.033544
q1: -0.458030
q3: 0.436901
iqr: 0.894930
zero_ratio: 0.000000
extreme_ratio: 0.013641
gini_like: 0.540495
