激活值: layer_20_mlp_output_input5
特殊程度分数: 23.762137

统计信息:
mean: 0.003116
std: 0.236903
min: -2.315659
max: 6.987438
range: 9.303098
skewness: 0.905541
kurtosis: 21.779250
q1: -0.130102
q3: 0.135435
iqr: 0.265537
zero_ratio: 0.000000
extreme_ratio: 0.005179
gini_like: 0.486881
