激活值: layer_13_v_activation_input5
特殊程度分数: 2.936842

统计信息:
mean: 0.002466
std: 0.367165
min: -2.652168
max: 2.802494
range: 5.454662
skewness: -0.067421
kurtosis: 1.696726
q1: -0.199736
q3: 0.205976
iqr: 0.405711
zero_ratio: 0.000000
extreme_ratio: 0.008667
gini_like: 0.499677
