激活值: layer_10_self_attn_output_input8
特殊程度分数: 108.719985

统计信息:
mean: 0.000069
std: 0.062781
min: -2.477933
max: 2.495380
range: 4.973313
skewness: -0.680331
kurtosis: 107.063738
q1: -0.037222
q3: 0.037467
iqr: 0.074689
zero_ratio: 0.000000
extreme_ratio: 0.005005
gini_like: 0.437910
