激活值: layer_3_k_activation_input4
特殊程度分数: 21.551403

统计信息:
mean: -0.015492
std: 1.377043
min: -13.491434
max: 12.803545
range: 26.294979
skewness: -0.134661
kurtosis: 19.920493
q1: -0.488394
q3: 0.493232
iqr: 0.981626
zero_ratio: 0.000000
extreme_ratio: 0.017464
gini_like: 0.573482
