激活值: layer_2_o_activation_input0
特殊程度分数: 34.580959

统计信息:
mean: -0.000147
std: 0.027071
min: -0.635334
max: 0.653902
range: 1.289236
skewness: 0.054139
kurtosis: 33.176064
q1: -0.011588
q3: 0.011505
iqr: 0.023093
zero_ratio: 0.000094
extreme_ratio: 0.015813
gini_like: 0.517180
