激活值: layer_7_k_activation_input4
特殊程度分数: 22.862195

统计信息:
mean: 0.006568
std: 1.380463
min: -15.191536
max: 12.694886
range: 27.886421
skewness: -0.157013
kurtosis: 21.246924
q1: -0.485055
q3: 0.482861
iqr: 0.967916
zero_ratio: 0.000000
extreme_ratio: 0.015251
gini_like: 0.576622
