激活值: layer_2_post_attn_ln_output_input7
特殊程度分数: 304.819709

统计信息:
mean: 0.001662
std: 0.112661
min: -4.002464
max: 5.682536
range: 9.684999
skewness: 3.147320
kurtosis: 300.594664
q1: -0.058188
q3: 0.062042
iqr: 0.120230
zero_ratio: 0.000038
extreme_ratio: 0.003568
gini_like: 0.503153
