激活值: layer_27_q_activation_input5
特殊程度分数: 26.560561

统计信息:
mean: -0.003901
std: 1.280511
min: -12.769090
max: 12.462509
range: 25.231598
skewness: -0.121093
kurtosis: 25.178657
q1: -0.519773
q3: 0.530953
iqr: 1.050725
zero_ratio: 0.000000
extreme_ratio: 0.011405
gini_like: 0.516357
