激活值: layer_16_v_activation_input7
特殊程度分数: 2.573006

统计信息:
mean: -0.000318
std: 0.403225
min: -3.066404
max: 2.449025
range: 5.515429
skewness: -0.010569
kurtosis: 1.366990
q1: -0.222322
q3: 0.220408
iqr: 0.442729
zero_ratio: 0.000000
extreme_ratio: 0.009090
gini_like: 0.506828
