激活值: layer_13_k_activation_input3
特殊程度分数: 23.766511

统计信息:
mean: -0.013730
std: 1.397310
min: -13.983654
max: 14.074011
range: 28.057665
skewness: -0.422284
kurtosis: 21.876996
q1: -0.483628
q3: 0.477566
iqr: 0.961194
zero_ratio: 0.000000
extreme_ratio: 0.015511
gini_like: 0.578505
