激活值: layer_22_ffn_down_activation_input2
特殊程度分数: 3.625199

统计信息:
mean: 0.000367
std: 0.251670
min: -1.806062
max: 3.472219
range: 5.278281
skewness: 0.078326
kurtosis: 2.306145
q1: -0.123563
q3: 0.125134
iqr: 0.248697
zero_ratio: 0.000000
extreme_ratio: 0.009598
gini_like: 0.524387
