激活值: layer_28_input_ln_output_input2
特殊程度分数: 23.120429

统计信息:
mean: 0.002402
std: 0.468577
min: -10.976841
max: 8.044456
range: 19.021297
skewness: 0.201884
kurtosis: 21.757835
q1: -0.230629
q3: 0.235794
iqr: 0.466423
zero_ratio: 0.000000
extreme_ratio: 0.006378
gini_like: 0.516573
