激活值: layer_15_ffn_down_activation_input2
特殊程度分数: 27.649297

统计信息:
mean: 0.000982
std: 0.153509
min: -1.156418
max: 4.584228
range: 5.740645
skewness: 1.074260
kurtosis: 25.483606
q1: -0.081076
q3: 0.081672
iqr: 0.162748
zero_ratio: 0.000000
extreme_ratio: 0.006180
gini_like: 0.483918
