激活值: layer_24_q_activation_input1
特殊程度分数: 23.878318

统计信息:
mean: 0.008255
std: 1.213822
min: -10.973549
max: 12.645357
range: 23.618906
skewness: -0.212033
kurtosis: 22.288199
q1: -0.444524
q3: 0.460596
iqr: 0.905120
zero_ratio: 0.000000
extreme_ratio: 0.014666
gini_like: 0.542384
