激活值: layer_27_post_attn_ln_input_input5
特殊程度分数: 27263.831314

统计信息:
mean: 0.038459
std: 12.931663
min: -1461.103882
max: 2487.479492
range: 3948.583496
skewness: 103.538625
kurtosis: 27159.270642
q1: -0.812557
q3: 0.820407
iqr: 1.632964
zero_ratio: 0.000017
extreme_ratio: 0.000279
gini_like: 0.508220
