激活值: layer_24_mlp_output_input2
特殊程度分数: 6.816654

统计信息:
mean: 0.003170
std: 0.291869
min: -2.579694
max: 5.481288
range: 8.060982
skewness: 0.134881
kurtosis: 5.360473
q1: -0.131825
q3: 0.140162
iqr: 0.271987
zero_ratio: 0.000015
extreme_ratio: 0.012421
gini_like: 0.536432
