激活值: layer_27_ffn_down_activation_input4
特殊程度分数: 1.960253

统计信息:
mean: -0.002750
std: 0.323253
min: -2.036456
max: 2.100171
range: 4.136627
skewness: -0.015850
kurtosis: 0.860468
q1: -0.187824
q3: 0.183114
iqr: 0.370937
zero_ratio: 0.000000
extreme_ratio: 0.006966
gini_like: 0.472306
