激活值: layer_0_mlp_output_input3
特殊程度分数: 694.323830

统计信息:
mean: 0.000316
std: 0.029496
min: -0.662155
max: 2.052644
range: 2.714799
skewness: 13.622167
kurtosis: 679.298515
q1: -0.008267
q3: 0.008266
iqr: 0.016533
zero_ratio: 0.000033
extreme_ratio: 0.014274
gini_like: 0.558809
