激活值: layer_13_ffn_gate_activation_input5
特殊程度分数: 4.269120

统计信息:
mean: -0.177775
std: 0.389259
min: -3.911732
max: 3.614926
range: 7.526658
skewness: -0.185480
kurtosis: 2.534028
q1: -0.404875
q3: 0.048041
iqr: 0.452916
zero_ratio: 0.000000
extreme_ratio: 0.030303
gini_like: 0.471779
