激活值: layer_25_ffn_down_activation_input8
特殊程度分数: 7.061690

统计信息:
mean: 0.001383
std: 0.290390
min: -1.652058
max: 6.042557
range: 7.694615
skewness: 0.274910
kurtosis: 5.631986
q1: -0.155017
q3: 0.157549
iqr: 0.312566
zero_ratio: 0.000000
extreme_ratio: 0.008575
gini_like: 0.491642
