激活值: layer_4_q_activation_input8
特殊程度分数: 14.958367

统计信息:
mean: -0.018642
std: 1.156101
min: -9.762266
max: 10.197039
range: 19.959305
skewness: -0.447707
kurtosis: 13.018303
q1: -0.459173
q3: 0.445131
iqr: 0.904303
zero_ratio: 0.000000
extreme_ratio: 0.020569
gini_like: 0.540490
