激活值: layer_7_post_attn_ln_output_input3
特殊程度分数: 35.263712

统计信息:
mean: -0.000376
std: 0.195681
min: -5.893662
max: 3.619692
range: 9.513354
skewness: -0.481121
kurtosis: 33.690392
q1: -0.111671
q3: 0.109825
iqr: 0.221496
zero_ratio: 0.000016
extreme_ratio: 0.005339
gini_like: 0.492702
