激活值: layer_8_v_activation_input0
特殊程度分数: 3.227853

统计信息:
mean: -0.001944
std: 0.326265
min: -2.114954
max: 2.408465
range: 4.523418
skewness: 0.071151
kurtosis: 1.937625
q1: -0.180510
q3: 0.172075
iqr: 0.352585
zero_ratio: 0.000000
extreme_ratio: 0.009860
gini_like: 0.510943
