激活值: layer_1_post_attn_ln_input_input5
特殊程度分数: 63.067861

统计信息:
mean: 0.000672
std: 0.039673
min: -0.646088
max: 1.034338
range: 1.680426
skewness: 2.185312
kurtosis: 59.574476
q1: -0.016661
q3: 0.017282
iqr: 0.033943
zero_ratio: 0.000017
extreme_ratio: 0.015224
gini_like: 0.501784
