激活值: layer_5_post_attn_ln_input_input3
特殊程度分数: 29816.993547

统计信息:
mean: 0.016504
std: 12.303685
min: -1451.991943
max: 2461.185791
range: 3913.177734
skewness: 108.276529
kurtosis: 29707.160464
q1: -0.082687
q3: 0.082567
iqr: 0.165254
zero_ratio: 0.000000
extreme_ratio: 0.000228
gini_like: 0.775998
