激活值: layer_26_ffn_up_activation_input5
特殊程度分数: 3.525025

统计信息:
mean: 0.000098
std: 0.468952
min: -5.314293
max: 4.184253
range: 9.498547
skewness: -0.014117
kurtosis: 2.356225
q1: -0.257332
q3: 0.258087
iqr: 0.515419
zero_ratio: 0.000006
extreme_ratio: 0.010174
gini_like: 0.475592
