激活值: layer_8_o_activation_input3
特殊程度分数: 9.238890

统计信息:
mean: 0.000397
std: 0.058716
min: -1.205016
max: 1.135191
range: 2.340207
skewness: -0.192199
kurtosis: 8.030066
q1: -0.035050
q3: 0.036332
iqr: 0.071382
zero_ratio: 0.000016
extreme_ratio: 0.006755
gini_like: 0.440755
