激活值: layer_12_post_attn_ln_output_input2
特殊程度分数: 49.154926

统计信息:
mean: 0.001850
std: 0.213768
min: -7.233137
max: 4.022847
range: 11.255983
skewness: -0.498046
kurtosis: 47.540154
q1: -0.111895
q3: 0.113943
iqr: 0.225838
zero_ratio: 0.000000
extreme_ratio: 0.005661
gini_like: 0.501753
