激活值: layer_15_ffn_gate_activation_input5
特殊程度分数: 4.936991

统计信息:
mean: -0.178968
std: 0.423405
min: -4.084822
max: 5.744521
range: 9.829344
skewness: -0.160886
kurtosis: 3.301151
q1: -0.424236
q3: 0.055561
iqr: 0.479797
zero_ratio: 0.000000
extreme_ratio: 0.026312
gini_like: 0.474357
