激活值: layer_8_v_activation_input3
特殊程度分数: 3.472346

统计信息:
mean: -0.000306
std: 0.327578
min: -3.016848
max: 2.953002
range: 5.969851
skewness: -0.004799
kurtosis: 2.284004
q1: -0.182074
q3: 0.181869
iqr: 0.363943
zero_ratio: 0.000000
extreme_ratio: 0.009245
gini_like: 0.499323
