激活值: layer_23_input_ln_output_input6
特殊程度分数: 25.122425

统计信息:
mean: 0.001620
std: 0.474839
min: -7.648205
max: 8.793016
range: 16.441221
skewness: 0.405184
kurtosis: 23.600773
q1: -0.254738
q3: 0.257172
iqr: 0.511910
zero_ratio: 0.000017
extreme_ratio: 0.005563
gini_like: 0.502592
