激活值: layer_0_post_attn_ln_output_input1
特殊程度分数: 170.043073

统计信息:
mean: 0.000365
std: 0.061056
min: -1.929252
max: 1.044596
range: 2.973848
skewness: -3.051033
kurtosis: 165.899016
q1: -0.024598
q3: 0.025443
iqr: 0.050041
zero_ratio: 0.000035
extreme_ratio: 0.006452
gini_like: 0.481963
