激活值: layer_2_k_activation_input2
特殊程度分数: 11.694674

统计信息:
mean: 0.031942
std: 1.336038
min: -11.009382
max: 10.801568
range: 21.810951
skewness: 0.115171
kurtosis: 10.105348
q1: -0.540601
q3: 0.594944
iqr: 1.135545
zero_ratio: 0.000000
extreme_ratio: 0.019455
gini_like: 0.542528
