激活值: layer_24_ffn_gate_activation_input7
特殊程度分数: 3.535676

统计信息:
mean: -0.204412
std: 0.544523
min: -5.451019
max: 4.378589
range: 9.829609
skewness: -0.041332
kurtosis: 2.117796
q1: -0.534811
q3: 0.088901
iqr: 0.623711
zero_ratio: 0.000000
extreme_ratio: 0.021425
gini_like: 0.474024
