激活值: layer_20_input_ln_output_input5
特殊程度分数: 55.557469

统计信息:
mean: 0.004711
std: 0.423716
min: -8.942130
max: 8.644361
range: 17.586491
skewness: 0.443233
kurtosis: 53.987522
q1: -0.206913
q3: 0.212248
iqr: 0.419161
zero_ratio: 0.000000
extreme_ratio: 0.005075
gini_like: 0.512611
