激活值: layer_7_o_activation_input5
特殊程度分数: 11.550039

统计信息:
mean: 0.000484
std: 0.040426
min: -0.268034
max: 0.788245
range: 1.056279
skewness: 0.498275
kurtosis: 9.978231
q1: -0.022993
q3: 0.024262
iqr: 0.047255
zero_ratio: 0.000105
extreme_ratio: 0.008929
gini_like: 0.447403
