激活值: layer_12_input_ln_output_input5
特殊程度分数: 153.825587

统计信息:
mean: 0.005408
std: 0.414103
min: -9.325727
max: 13.529949
range: 22.855675
skewness: 2.235329
kurtosis: 150.461141
q1: -0.178307
q3: 0.184020
iqr: 0.362327
zero_ratio: 0.000017
extreme_ratio: 0.004639
gini_like: 0.518159
