激活值: layer_13_post_attn_ln_input_input2
特殊程度分数: 32035.043373

统计信息:
mean: 0.018239
std: 12.134863
min: -1481.359375
max: 2512.563721
range: 3993.923096
skewness: 112.364286
kurtosis: 31921.411003
q1: -0.207390
q3: 0.207114
iqr: 0.414504
zero_ratio: 0.000000
extreme_ratio: 0.000214
gini_like: 0.631906
