激活值: layer_30_mlp_output_input0
特殊程度分数: 27841.909297

统计信息:
mean: -0.020416
std: 12.097769
min: -2298.476074
max: 1371.446899
range: 3669.922852
skewness: -103.573558
kurtosis: 27737.207150
q1: -0.379678
q3: 0.371465
iqr: 0.751143
zero_ratio: 0.000019
extreme_ratio: 0.000188
gini_like: 0.562403
