激活值: layer_27_self_attn_output_input6
特殊程度分数: 106.255030

统计信息:
mean: 0.002057
std: 0.141684
min: -0.761484
max: 4.127342
range: 4.888826
skewness: 3.920535
kurtosis: 101.203389
q1: -0.067914
q3: 0.070729
iqr: 0.138643
zero_ratio: 0.000000
extreme_ratio: 0.008597
gini_like: 0.479580
