激活值: layer_17_input_ln_input_input2
特殊程度分数: 31997.554135

统计信息:
mean: 0.018016
std: 12.156471
min: -1481.462769
max: 2516.586426
range: 3998.049316
skewness: 112.499167
kurtosis: 31883.907830
q1: -0.320525
q3: 0.318158
iqr: 0.638683
zero_ratio: 0.000000
extreme_ratio: 0.000168
gini_like: 0.571890
