激活值: layer_23_q_activation_input2
特殊程度分数: 25.248303

统计信息:
mean: -0.018278
std: 1.242308
min: -11.584357
max: 12.044082
range: 23.628439
skewness: -0.353464
kurtosis: 23.555151
q1: -0.479833
q3: 0.466382
iqr: 0.946215
zero_ratio: 0.000000
extreme_ratio: 0.013290
gini_like: 0.536940
