激活值: layer_17_input_ln_output_input9
特殊程度分数: 59.791959

统计信息:
mean: -0.000227
std: 0.420252
min: -8.803846
max: 11.459366
range: 20.263212
skewness: 0.662652
kurtosis: 58.043081
q1: -0.216578
q3: 0.212324
iqr: 0.428903
zero_ratio: 0.000029
extreme_ratio: 0.004653
gini_like: 0.496561
