激活值: layer_31_self_attn_output_input6
特殊程度分数: 27208.413207

统计信息:
mean: -0.004592
std: 1.216001
min: -236.650421
max: 126.711830
range: 363.362244
skewness: -109.801135
kurtosis: 27097.566278
q1: -0.175280
q3: 0.171476
iqr: 0.346755
zero_ratio: 0.000000
extreme_ratio: 0.000593
gini_like: 0.516968
