激活值: layer_16_input_ln_input_input7
特殊程度分数: 25631.544164

统计信息:
mean: 0.023958
std: 13.004426
min: -1424.234619
max: 2415.970459
range: 3840.205078
skewness: 100.446144
kurtosis: 25529.892850
q1: -0.286990
q3: 0.294283
iqr: 0.581273
zero_ratio: 0.000000
extreme_ratio: 0.000207
gini_like: 0.600519
