激活值: layer_25_post_attn_ln_input_input7
特殊程度分数: 25298.146559

统计信息:
mean: 0.027138
std: 13.079105
min: -1423.040894
max: 2422.652832
range: 3845.693848
skewness: 99.932950
kurtosis: 25197.195686
q1: -0.767119
q3: 0.763970
iqr: 1.531089
zero_ratio: 0.000000
extreme_ratio: 0.000188
gini_like: 0.507084
