激活值: layer_24_mlp_output_input8
特殊程度分数: 3.036142

统计信息:
mean: 0.005074
std: 0.284123
min: -1.421750
max: 4.052809
range: 5.474559
skewness: 0.108105
kurtosis: 1.795080
q1: -0.151589
q3: 0.162408
iqr: 0.313996
zero_ratio: 0.000000
extreme_ratio: 0.007172
gini_like: 0.494762
