激活值: layer_13_post_attn_ln_input_input8
特殊程度分数: 32103.876395

统计信息:
mean: 0.020190
std: 12.194635
min: -1489.619751
max: 2526.503662
range: 4016.123535
skewness: 112.492160
kurtosis: 31990.113027
q1: -0.205115
q3: 0.208112
iqr: 0.413228
zero_ratio: 0.000000
extreme_ratio: 0.000214
gini_like: 0.633467
