激活值: layer_9_ffn_up_activation_input8
特殊程度分数: 2.528415

统计信息:
mean: -0.000590
std: 0.271858
min: -2.408735
max: 1.849387
range: 4.258122
skewness: -0.022917
kurtosis: 1.414834
q1: -0.156795
q3: 0.156663
iqr: 0.313457
zero_ratio: 0.000000
extreme_ratio: 0.008590
gini_like: 0.459429
