激活值: layer_17_post_attn_ln_output_input5
特殊程度分数: 13.255900

统计信息:
mean: 0.001100
std: 0.268876
min: -5.204529
max: 4.966401
range: 10.170930
skewness: 0.035100
kurtosis: 12.112930
q1: -0.149835
q3: 0.151789
iqr: 0.301625
zero_ratio: 0.000017
extreme_ratio: 0.005545
gini_like: 0.498467
