激活值: layer_14_input_ln_output_input3
特殊程度分数: 105.812447

统计信息:
mean: 0.005443
std: 0.415437
min: -9.910051
max: 12.050963
range: 21.961014
skewness: 1.489032
kurtosis: 103.211801
q1: -0.186975
q3: 0.195887
iqr: 0.382863
zero_ratio: 0.000016
extreme_ratio: 0.004460
gini_like: 0.511198
