激活值: layer_8_post_attn_ln_output_input9
特殊程度分数: 32.562729

统计信息:
mean: -0.000750
std: 0.204809
min: -6.179124
max: 3.727315
range: 9.906439
skewness: -0.415671
kurtosis: 31.068216
q1: -0.119222
q3: 0.115351
iqr: 0.234574
zero_ratio: 0.000014
extreme_ratio: 0.005371
gini_like: 0.485699
