激活值: layer_13_ffn_gate_activation_input2
特殊程度分数: 4.375338

统计信息:
mean: -0.178483
std: 0.382886
min: -3.584272
max: 4.770272
range: 8.354545
skewness: -0.212756
kurtosis: 2.588447
q1: -0.398148
q3: 0.044080
iqr: 0.442229
zero_ratio: 0.000000
extreme_ratio: 0.031630
gini_like: 0.470763
