激活值: layer_19_ffn_up_activation_input7
特殊程度分数: 3.064749

统计信息:
mean: 0.000626
std: 0.412263
min: -3.482297
max: 4.122700
range: 7.604998
skewness: 0.109542
kurtosis: 1.849082
q1: -0.232708
q3: 0.229173
iqr: 0.461881
zero_ratio: 0.000007
extreme_ratio: 0.008057
gini_like: 0.472486
