激活值: layer_17_k_activation_input1
特殊程度分数: 23.552982

统计信息:
mean: -0.011553
std: 1.432208
min: -15.651266
max: 14.202813
range: 29.854080
skewness: -0.327138
kurtosis: 21.736805
q1: -0.490611
q3: 0.498599
iqr: 0.989210
zero_ratio: 0.000000
extreme_ratio: 0.016340
gini_like: 0.581120
