激活值: layer_13_q_activation_input5
特殊程度分数: 23.992040

统计信息:
mean: 0.022850
std: 1.193480
min: -10.674133
max: 11.502518
range: 22.176651
skewness: 0.901788
kurtosis: 21.700283
q1: -0.435371
q3: 0.456743
iqr: 0.892113
zero_ratio: 0.000000
extreme_ratio: 0.015398
gini_like: 0.541001
