激活值: layer_5_input_ln_input_input8
特殊程度分数: 32120.000809

统计信息:
mean: 0.016261
std: 12.184821
min: -1489.393311
max: 2524.662354
range: 4014.055664
skewness: 112.440666
kurtosis: 32005.979441
q1: -0.072088
q3: 0.073288
iqr: 0.145376
zero_ratio: 0.000015
extreme_ratio: 0.000214
gini_like: 0.788204
