激活值: layer_9_ffn_up_activation_input0
特殊程度分数: 2.771623

统计信息:
mean: -0.001095
std: 0.268199
min: -2.322407
max: 2.171883
range: 4.494289
skewness: -0.015468
kurtosis: 1.663937
q1: -0.153854
q3: 0.152531
iqr: 0.306385
zero_ratio: 0.000000
extreme_ratio: 0.008344
gini_like: 0.462673
