激活值: layer_9_input_ln_input_input8
特殊程度分数: 32122.094089

统计信息:
mean: 0.018185
std: 12.187757
min: -1489.276245
max: 2525.419434
range: 4014.695801
skewness: 112.498037
kurtosis: 32008.211150
q1: -0.141309
q3: 0.143402
iqr: 0.284711
zero_ratio: 0.000000
extreme_ratio: 0.000214
gini_like: 0.690314
