激活值: layer_16_ffn_gate_activation_input5
特殊程度分数: 4.958582

统计信息:
mean: -0.213133
std: 0.459889
min: -3.887812
max: 4.590015
range: 8.477827
skewness: -0.144151
kurtosis: 3.287095
q1: -0.480492
q3: 0.041593
iqr: 0.522085
zero_ratio: 0.000000
extreme_ratio: 0.029141
gini_like: 0.472257
