激活值: layer_26_post_attn_ln_output_input1
特殊程度分数: 12.410820

统计信息:
mean: -0.000493
std: 0.342820
min: -7.244009
max: 6.053998
range: 13.298008
skewness: -0.099120
kurtosis: 11.209115
q1: -0.199834
q3: 0.196700
iqr: 0.396535
zero_ratio: 0.000000
extreme_ratio: 0.005650
gini_like: 0.494792
