激活值: layer_12_v_activation_input9
特殊程度分数: 2.259042

统计信息:
mean: 0.005116
std: 0.369126
min: -2.242300
max: 2.482492
range: 4.724792
skewness: 0.054094
kurtosis: 1.097528
q1: -0.208081
q3: 0.219398
iqr: 0.427479
zero_ratio: 0.000000
extreme_ratio: 0.006893
gini_like: 0.484776
