激活值: layer_3_ffn_up_activation_input4
特殊程度分数: 2.641068

统计信息:
mean: 0.000321
std: 0.163369
min: -2.022602
max: 2.014616
range: 4.037218
skewness: -0.022364
kurtosis: 1.567156
q1: -0.095630
q3: 0.096425
iqr: 0.192055
zero_ratio: 0.000006
extreme_ratio: 0.007364
gini_like: 0.452126
