激活值: layer_26_post_attn_ln_output_input0
特殊程度分数: 9.460455

统计信息:
mean: 0.003265
std: 0.378782
min: -7.244009
max: 6.053998
range: 13.298008
skewness: -0.069119
kurtosis: 8.255104
q1: -0.205779
q3: 0.214236
iqr: 0.420015
zero_ratio: 0.000000
extreme_ratio: 0.006160
gini_like: 0.506517
