激活值: layer_12_post_attn_ln_output_input5
特殊程度分数: 31.361754

统计信息:
mean: 0.002053
std: 0.218421
min: -5.666668
max: 4.022758
range: 9.689426
skewness: -0.134713
kurtosis: 30.119125
q1: -0.117095
q3: 0.121322
iqr: 0.238417
zero_ratio: 0.000000
extreme_ratio: 0.005406
gini_like: 0.499898
