激活值: layer_4_mlp_output_input7
特殊程度分数: 925.478501

统计信息:
mean: -0.000692
std: 0.130578
min: -5.407163
max: 9.356968
range: 14.764132
skewness: 3.955930
kurtosis: 920.366982
q1: -0.047510
q3: 0.047624
iqr: 0.095134
zero_ratio: 0.000000
extreme_ratio: 0.007681
gini_like: 0.500984
