激活值: layer_25_ffn_up_activation_input1
特殊程度分数: 3.031677

统计信息:
mean: 0.000569
std: 0.445396
min: -4.651809
max: 4.406172
range: 9.057981
skewness: -0.034930
kurtosis: 1.899138
q1: -0.252003
q3: 0.255503
iqr: 0.507505
zero_ratio: 0.000000
extreme_ratio: 0.008059
gini_like: 0.468214
