激活值: layer_1_input_ln_output_input2
特殊程度分数: 1497.136284

统计信息:
mean: 0.001776
std: 0.145037
min: -1.983926
max: 9.054708
range: 11.038634
skewness: 28.373664
kurtosis: 1467.378485
q1: -0.024004
q3: 0.024200
iqr: 0.048204
zero_ratio: 0.000015
extreme_ratio: 0.008560
gini_like: 0.606454
