激活值: layer_27_input_ln_input_input4
特殊程度分数: 29302.574880

统计信息:
mean: 0.025812
std: 12.547864
min: -1469.011841
max: 2500.563232
range: 3969.575195
skewness: 107.362433
kurtosis: 29194.218293
q1: -0.871762
q3: 0.871249
iqr: 1.743011
zero_ratio: 0.000000
extreme_ratio: 0.000179
gini_like: 0.495287
