激活值: layer_18_q_activation_input5
特殊程度分数: 27.174713

统计信息:
mean: -0.018427
std: 1.297621
min: -12.941615
max: 12.145305
range: 25.086920
skewness: -0.783873
kurtosis: 25.061374
q1: -0.498129
q3: 0.476778
iqr: 0.974907
zero_ratio: 0.000000
extreme_ratio: 0.012521
gini_like: 0.539523
