激活值: layer_2_o_activation_input9
特殊程度分数: 64.762219

统计信息:
mean: 0.000054
std: 0.024822
min: -0.848942
max: 0.838935
range: 1.687877
skewness: 0.356860
kurtosis: 63.117189
q1: -0.011187
q3: 0.011217
iqr: 0.022404
zero_ratio: 0.000072
extreme_ratio: 0.014447
gini_like: 0.499557
