激活值: layer_28_o_activation_input1
特殊程度分数: 347.551503

统计信息:
mean: 0.002298
std: 0.157453
min: -1.089852
max: 6.698498
range: 7.788350
skewness: 9.462127
kurtosis: 336.954456
q1: -0.067509
q3: 0.069535
iqr: 0.137044
zero_ratio: 0.000017
extreme_ratio: 0.007725
gini_like: 0.490194
