激活值: layer_25_k_activation_input4
特殊程度分数: 27.197279

统计信息:
mean: -0.019132
std: 1.340876
min: -13.729230
max: 12.010724
range: 25.739954
skewness: -1.168026
kurtosis: 24.651644
q1: -0.499406
q3: 0.503840
iqr: 1.003246
zero_ratio: 0.000000
extreme_ratio: 0.012728
gini_like: 0.561526
