激活值: layer_25_ffn_down_activation_input1
特殊程度分数: 5.244308

统计信息:
mean: -0.000088
std: 0.242468
min: -1.641679
max: 4.390594
range: 6.032272
skewness: 0.210444
kurtosis: 3.952765
q1: -0.137668
q3: 0.138225
iqr: 0.275893
zero_ratio: 0.000017
extreme_ratio: 0.006034
gini_like: 0.480199
