激活值: layer_1_input_ln_output_input6
特殊程度分数: 1107.591935

统计信息:
mean: 0.000989
std: 0.143948
min: -2.446590
max: 7.855391
range: 10.301981
skewness: 22.309716
kurtosis: 1083.900256
q1: -0.026812
q3: 0.026682
iqr: 0.053494
zero_ratio: 0.000052
extreme_ratio: 0.009330
gini_like: 0.597646
