激活值: layer_18_ffn_down_activation_input8
特殊程度分数: 6.115283

统计信息:
mean: -0.000812
std: 0.272209
min: -4.192570
max: 3.536187
range: 7.728757
skewness: -0.143016
kurtosis: 4.756849
q1: -0.144143
q3: 0.142955
iqr: 0.287098
zero_ratio: 0.000015
extreme_ratio: 0.010376
gini_like: 0.503938
