激活值: layer_9_ffn_up_activation_input6
特殊程度分数: 2.401977

统计信息:
mean: -0.002143
std: 0.273680
min: -2.053549
max: 2.145682
range: 4.199231
skewness: -0.004289
kurtosis: 1.308788
q1: -0.158931
q3: 0.154594
iqr: 0.313525
zero_ratio: 0.000000
extreme_ratio: 0.008384
gini_like: 0.460614
