激活值: layer_27_ffn_up_activation_input9
特殊程度分数: 3.014398

统计信息:
mean: 0.000332
std: 0.546662
min: -4.507761
max: 4.177969
range: 8.685730
skewness: 0.019363
kurtosis: 1.841116
q1: -0.308180
q3: 0.309861
iqr: 0.618040
zero_ratio: 0.000005
extreme_ratio: 0.010565
gini_like: 0.471311
