激活值: layer_12_input_ln_input_input9
特殊程度分数: 33920.822193

统计信息:
mean: 0.015337
std: 11.676629
min: -1468.163574
max: 2489.634521
range: 3957.798096
skewness: 115.579317
kurtosis: 33803.978163
q1: -0.196062
q3: 0.195094
iqr: 0.391156
zero_ratio: 0.000000
extreme_ratio: 0.000201
gini_like: 0.630346
