激活值: layer_29_o_activation_input2
特殊程度分数: 408.885152

统计信息:
mean: 0.001821
std: 0.116386
min: -0.637826
max: 5.829474
range: 6.467300
skewness: 10.086655
kurtosis: 397.773109
q1: -0.055478
q3: 0.057550
iqr: 0.113028
zero_ratio: 0.000015
extreme_ratio: 0.004791
gini_like: 0.464770
