激活值: layer_1_ffn_down_activation_input0
特殊程度分数: 25857.437143

统计信息:
mean: 0.018344
std: 13.058537
min: -1435.503662
max: 2431.993408
range: 3867.497070
skewness: 100.743329
kurtosis: 25754.850128
q1: -0.017560
q3: 0.017640
iqr: 0.035200
zero_ratio: 0.000019
extreme_ratio: 0.000225
gini_like: 0.919575
