激活值: layer_0_input_ln_input_input2
特殊程度分数: 3.611316

统计信息:
mean: 0.000002
std: 0.012876
min: -0.136719
max: 0.120605
range: 0.257324
skewness: -0.056484
kurtosis: 2.408588
q1: -0.006866
q3: 0.006866
iqr: 0.013733
zero_ratio: 0.000076
extreme_ratio: 0.009201
gini_like: 0.481054
