激活值: layer_21_self_attn_output_input1
特殊程度分数: 146.222713

统计信息:
mean: 0.000900
std: 0.073558
min: -0.835008
max: 2.441167
range: 3.276175
skewness: 4.814838
kurtosis: 140.247194
q1: -0.035776
q3: 0.036849
iqr: 0.072625
zero_ratio: 0.000017
extreme_ratio: 0.010899
gini_like: 0.471336
