激活值: layer_12_input_ln_output_input2
特殊程度分数: 338.072371

统计信息:
mean: 0.004761
std: 0.411064
min: -24.687702
max: 13.776440
range: 38.464142
skewness: -0.372138
kurtosis: 336.573929
q1: -0.169212
q3: 0.172573
iqr: 0.341784
zero_ratio: 0.000031
extreme_ratio: 0.004349
gini_like: 0.519641
