激活值: layer_25_input_ln_output_input8
特殊程度分数: 23.378837

统计信息:
mean: 0.005847
std: 0.495980
min: -8.699087
max: 9.620765
range: 18.319851
skewness: 0.415106
kurtosis: 21.854103
q1: -0.262177
q3: 0.273868
iqr: 0.536044
zero_ratio: 0.000000
extreme_ratio: 0.005661
gini_like: 0.498204
