激活值: layer_4_post_attn_ln_output_input0
特殊程度分数: 235.903266

统计信息:
mean: -0.000287
std: 0.161106
min: -5.869580
max: 7.398776
range: 13.268356
skewness: 1.861487
kurtosis: 232.937533
q1: -0.085808
q3: 0.084106
iqr: 0.169914
zero_ratio: 0.000038
extreme_ratio: 0.004620
gini_like: 0.505896
