激活值: layer_2_k_activation_input7
特殊程度分数: 12.132975

统计信息:
mean: 0.028452
std: 1.252502
min: -10.253554
max: 10.176242
range: 20.429796
skewness: 0.117621
kurtosis: 10.533935
q1: -0.507302
q3: 0.555222
iqr: 1.062524
zero_ratio: 0.000000
extreme_ratio: 0.019343
gini_like: 0.547275
