激活值: layer_13_self_attn_output_input4
特殊程度分数: 16.909054

统计信息:
mean: -0.000433
std: 0.096268
min: -0.927542
max: 2.519791
range: 3.447333
skewness: 0.580757
kurtosis: 15.325410
q1: -0.058377
q3: 0.057799
iqr: 0.116176
zero_ratio: 0.000000
extreme_ratio: 0.005941
gini_like: 0.442036
