激活值: layer_17_post_attn_ln_output_input9
特殊程度分数: 9.940192

统计信息:
mean: -0.000728
std: 0.277897
min: -5.204529
max: 4.966401
range: 10.170930
skewness: 0.103029
kurtosis: 8.768826
q1: -0.165634
q3: 0.162399
iqr: 0.328033
zero_ratio: 0.000000
extreme_ratio: 0.005242
gini_like: 0.481750
