激活值: layer_26_ffn_up_activation_input2
特殊程度分数: 3.486479

统计信息:
mean: 0.003008
std: 0.475160
min: -5.320868
max: 6.409538
range: 11.730407
skewness: 0.041759
kurtosis: 2.282351
q1: -0.248074
q3: 0.256335
iqr: 0.504409
zero_ratio: 0.000006
extreme_ratio: 0.009771
gini_like: 0.483467
