激活值: layer_2_input_ln_input_input9
特殊程度分数: 34013.977658

统计信息:
mean: 0.014730
std: 11.600269
min: -1460.871948
max: 2475.140869
range: 3936.012695
skewness: 115.615394
kurtosis: 33896.587059
q1: -0.026202
q3: 0.026815
iqr: 0.053017
zero_ratio: 0.000014
extreme_ratio: 0.000201
gini_like: 0.885581
