激活值: layer_31_ffn_down_activation_input6
特殊程度分数: 112.036566

统计信息:
mean: 0.011932
std: 2.208930
min: -80.213295
max: 36.851700
range: 117.064995
skewness: -3.420542
kurtosis: 107.501375
q1: -1.048340
q3: 1.093188
iqr: 2.141528
zero_ratio: 0.000000
extreme_ratio: 0.008667
gini_like: 0.470655
