激活值: layer_25_post_attn_ln_input_input0
特殊程度分数: 25618.834786

统计信息:
mean: 0.035513
std: 13.209462
min: -1442.364746
max: 2455.063477
range: 3897.428223
skewness: 100.745094
kurtosis: 25517.064131
q1: -0.635670
q3: 0.655531
iqr: 1.291201
zero_ratio: 0.000000
extreme_ratio: 0.000169
gini_like: 0.511090
