激活值: layer_26_ffn_gate_activation_input0
特殊程度分数: 5.216909

统计信息:
mean: -0.198651
std: 0.576704
min: -5.246932
max: 4.088132
range: 9.335064
skewness: -0.670296
kurtosis: 3.104952
q1: -0.500531
q3: 0.109982
iqr: 0.610513
zero_ratio: 0.000000
extreme_ratio: 0.023333
gini_like: 0.487504
