激活值: layer_7_post_attn_ln_input_input6
特殊程度分数: 27742.595283

统计信息:
mean: 0.017186
std: 12.642402
min: -1440.024780
max: 2440.860352
range: 3880.885254
skewness: 104.426488
kurtosis: 27636.709457
q1: -0.122660
q3: 0.120763
iqr: 0.243423
zero_ratio: 0.000000
extreme_ratio: 0.000209
gini_like: 0.727576
