激活值: layer_0_input_ln_input_input6
特殊程度分数: 2.168246

统计信息:
mean: -0.000022
std: 0.014129
min: -0.136719
max: 0.120605
range: 0.257324
skewness: 0.000697
kurtosis: 1.119263
q1: -0.008240
q3: 0.008179
iqr: 0.016418
zero_ratio: 0.000105
extreme_ratio: 0.006104
gini_like: 0.463029
