激活值: layer_9_input_ln_input_input7
特殊程度分数: 25656.974474

统计信息:
mean: 0.022009
std: 12.993471
min: -1424.105957
max: 2414.456787
range: 3838.562744
skewness: 100.435690
kurtosis: 25555.133747
q1: -0.150047
q3: 0.157147
iqr: 0.307194
zero_ratio: 0.000000
extreme_ratio: 0.000225
gini_like: 0.700265
