激活值: layer_10_q_activation_input2
特殊程度分数: 25.007019

统计信息:
mean: -0.003968
std: 1.172473
min: -12.141854
max: 12.037382
range: 24.179237
skewness: 0.316575
kurtosis: 23.282871
q1: -0.428010
q3: 0.413123
iqr: 0.841134
zero_ratio: 0.000000
extreme_ratio: 0.015564
gini_like: 0.548147
