激活值: layer_25_ffn_down_activation_input2
特殊程度分数: 8.311934

统计信息:
mean: 0.004023
std: 0.266993
min: -1.375859
max: 5.277989
range: 6.653849
skewness: 0.342165
kurtosis: 6.749519
q1: -0.125748
q3: 0.134579
iqr: 0.260327
zero_ratio: 0.000000
extreme_ratio: 0.009232
gini_like: 0.517810
