激活值: layer_28_o_activation_input7
特殊程度分数: 241.786314

统计信息:
mean: 0.002173
std: 0.161356
min: -0.952033
max: 5.631628
range: 6.583661
skewness: 7.347981
kurtosis: 233.368221
q1: -0.078085
q3: 0.080366
iqr: 0.158452
zero_ratio: 0.000000
extreme_ratio: 0.006573
gini_like: 0.469326
