激活值: layer_12_ffn_up_activation_input2
特殊程度分数: 2.559054

统计信息:
mean: 0.002792
std: 0.295463
min: -2.303071
max: 2.121953
range: 4.425025
skewness: -0.006670
kurtosis: 1.453894
q1: -0.163555
q3: 0.170368
iqr: 0.333923
zero_ratio: 0.000006
extreme_ratio: 0.008573
gini_like: 0.463507
