激活值: layer_0_ffn_down_activation_input1
特殊程度分数: 764.801906

统计信息:
mean: 0.000316
std: 0.029640
min: -0.662155
max: 2.052644
range: 2.714799
skewness: 14.252563
kurtosis: 749.111500
q1: -0.007999
q3: 0.007975
iqr: 0.015974
zero_ratio: 0.000122
extreme_ratio: 0.014910
gini_like: 0.569730
