激活值: layer_12_ffn_gate_activation_input4
特殊程度分数: 3.449915

统计信息:
mean: -0.181470
std: 0.392356
min: -3.632908
max: 2.520136
range: 6.153044
skewness: -0.226046
kurtosis: 1.670448
q1: -0.413101
q3: 0.048456
iqr: 0.461556
zero_ratio: 0.000000
extreme_ratio: 0.030905
gini_like: 0.467663
