激活值: layer_6_post_attn_ln_output_input1
特殊程度分数: 37.420013

统计信息:
mean: 0.000555
std: 0.178834
min: -5.448411
max: 3.123475
range: 8.571885
skewness: -0.714511
kurtosis: 35.602427
q1: -0.100656
q3: 0.100693
iqr: 0.201349
zero_ratio: 0.000000
extreme_ratio: 0.005441
gini_like: 0.497129
