激活值: layer_18_ffn_up_activation_input5
特殊程度分数: 3.550024

统计信息:
mean: -0.001131
std: 0.393713
min: -4.364712
max: 4.173793
range: 8.538506
skewness: 0.024045
kurtosis: 2.424340
q1: -0.223528
q3: 0.219018
iqr: 0.442547
zero_ratio: 0.000000
extreme_ratio: 0.008066
gini_like: 0.470164
