激活值: layer_23_v_activation_input1
特殊程度分数: 2.827224

统计信息:
mean: -0.007584
std: 0.551910
min: -4.846959
max: 4.369861
range: 9.216820
skewness: -0.011206
kurtosis: 1.640036
q1: -0.318255
q3: 0.299911
iqr: 0.618166
zero_ratio: 0.000000
extreme_ratio: 0.008371
gini_like: 0.504286
