激活值: layer_31_q_activation_input2
特殊程度分数: 17.795257

统计信息:
mean: 0.015076
std: 1.286436
min: -17.145058
max: 21.047506
range: 38.192566
skewness: 0.157916
kurtosis: 16.293398
q1: -0.547401
q3: 0.569956
iqr: 1.117356
zero_ratio: 0.000000
extreme_ratio: 0.016251
gini_like: 0.509465
