激活值: layer_28_k_activation_input7
特殊程度分数: 29.468097

统计信息:
mean: 0.023033
std: 1.363345
min: -13.633827
max: 15.367235
range: 29.001062
skewness: 0.886500
kurtosis: 27.228820
q1: -0.505701
q3: 0.527990
iqr: 1.033691
zero_ratio: 0.000000
extreme_ratio: 0.011531
gini_like: 0.561079
