激活值: layer_30_input_ln_output_input8
特殊程度分数: 8.776605

统计信息:
mean: 0.001735
std: 0.474836
min: -5.739060
max: 6.287173
range: 12.026234
skewness: 0.320564
kurtosis: 7.355446
q1: -0.264492
q3: 0.265627
iqr: 0.530119
zero_ratio: 0.000000
extreme_ratio: 0.005951
gini_like: 0.490788
