激活值: layer_18_q_activation_input8
特殊程度分数: 26.481959

统计信息:
mean: -0.008328
std: 1.291145
min: -13.189908
max: 11.807212
range: 24.997120
skewness: -0.788901
kurtosis: 24.358551
q1: -0.488200
q3: 0.488422
iqr: 0.976623
zero_ratio: 0.000000
extreme_ratio: 0.013107
gini_like: 0.536181
