激活值: layer_26_post_attn_ln_output_input4
特殊程度分数: 8.661073

统计信息:
mean: 0.000638
std: 0.376304
min: -7.244009
max: 6.053998
range: 13.298008
skewness: -0.114204
kurtosis: 7.469605
q1: -0.219178
q3: 0.218797
iqr: 0.437975
zero_ratio: 0.000016
extreme_ratio: 0.004899
gini_like: 0.489629
