激活值: layer_28_post_attn_ln_output_input9
特殊程度分数: 12.587684

统计信息:
mean: -0.001269
std: 0.390509
min: -7.626746
max: 8.286178
range: 15.912924
skewness: 0.078415
kurtosis: 11.436486
q1: -0.232917
q3: 0.227034
iqr: 0.459951
zero_ratio: 0.000000
extreme_ratio: 0.005400
gini_like: 0.482393
