激活值: layer_26_o_activation_input9
特殊程度分数: 253.409884

统计信息:
mean: 0.002596
std: 0.170522
min: -0.968008
max: 9.193785
range: 10.161793
skewness: 6.312868
kurtosis: 246.023832
q1: -0.082627
q3: 0.085543
iqr: 0.168170
zero_ratio: 0.000014
extreme_ratio: 0.005816
gini_like: 0.478419
