激活值: layer_30_post_attn_ln_output_input4
特殊程度分数: 120.945223

统计信息:
mean: 0.000329
std: 0.406980
min: -11.596700
max: 16.884258
range: 28.480957
skewness: 1.605733
kurtosis: 118.274850
q1: -0.231302
q3: 0.228323
iqr: 0.459626
zero_ratio: 0.000033
extreme_ratio: 0.004508
gini_like: 0.487211
