激活值: layer_16_o_activation_input5
特殊程度分数: 63.369068

统计信息:
mean: -0.001225
std: 0.113475
min: -4.364816
max: 1.156870
range: 5.521686
skewness: -2.027612
kurtosis: 60.252830
q1: -0.062071
q3: 0.061131
iqr: 0.123201
zero_ratio: 0.000017
extreme_ratio: 0.008161
gini_like: 0.462687
