激活值: layer_20_input_ln_input_input3
特殊程度分数: 29685.331435

统计信息:
mean: 0.023244
std: 12.344586
min: -1450.409180
max: 2467.369385
range: 3917.778564
skewness: 108.434244
kurtosis: 29575.846608
q1: -0.494950
q3: 0.500982
iqr: 0.995932
zero_ratio: 0.000000
extreme_ratio: 0.000130
gini_like: 0.523989
