激活值: layer_9_ffn_down_activation_input8
特殊程度分数: 50.891864

统计信息:
mean: 0.000990
std: 0.089775
min: -1.076528
max: 3.435879
range: 4.512406
skewness: 1.321602
kurtosis: 48.538093
q1: -0.050277
q3: 0.052291
iqr: 0.102568
zero_ratio: 0.000000
extreme_ratio: 0.004700
gini_like: 0.469088
