激活值: layer_15_post_attn_ln_input_input5
特殊程度分数: 27889.224295

统计信息:
mean: 0.023359
std: 12.829268
min: -1462.620605
max: 2481.005859
range: 3943.626465
skewness: 104.812992
kurtosis: 27783.189826
q1: -0.261959
q3: 0.268615
iqr: 0.530574
zero_ratio: 0.000000
extreme_ratio: 0.000192
gini_like: 0.608820
