激活值: layer_9_ffn_down_activation_input3
特殊程度分数: 11.145076

统计信息:
mean: 0.001389
std: 0.093952
min: -0.497324
max: 2.066399
range: 2.563723
skewness: 0.515045
kurtosis: 9.606110
q1: -0.053947
q3: 0.056378
iqr: 0.110325
zero_ratio: 0.000033
extreme_ratio: 0.004329
gini_like: 0.468642
