激活值: layer_0_v_activation_input9
特殊程度分数: 136.747012

统计信息:
mean: -0.000129
std: 0.034183
min: -1.257307
max: 1.006208
range: 2.263515
skewness: -0.159646
kurtosis: 134.927139
q1: -0.005247
q3: 0.005110
iqr: 0.010357
zero_ratio: 0.000115
extreme_ratio: 0.016214
gini_like: 0.667889
