激活值: layer_15_k_activation_input4
特殊程度分数: 22.345324

统计信息:
mean: -0.013937
std: 1.436847
min: -15.502998
max: 13.635332
range: 29.138330
skewness: -0.527372
kurtosis: 20.370923
q1: -0.512611
q3: 0.493373
iqr: 1.005983
zero_ratio: 0.000000
extreme_ratio: 0.014648
gini_like: 0.577030
