激活值: layer_11_ffn_gate_activation_input2
特殊程度分数: 4.231241

统计信息:
mean: -0.166916
std: 0.361115
min: -3.450367
max: 2.731231
range: 6.181598
skewness: -0.296755
kurtosis: 2.420623
q1: -0.375300
q3: 0.045031
iqr: 0.420331
zero_ratio: 0.000000
extreme_ratio: 0.029439
gini_like: 0.462543
