激活值: layer_15_ffn_down_activation_input6
特殊程度分数: 19.509912

统计信息:
mean: 0.002750
std: 0.169831
min: -1.772833
max: 3.855063
range: 5.627896
skewness: 0.744355
kurtosis: 17.632949
q1: -0.089387
q3: 0.094677
iqr: 0.184064
zero_ratio: 0.000000
extreme_ratio: 0.008179
gini_like: 0.484517
