激活值: layer_24_ffn_gate_activation_input1
特殊程度分数: 4.051712

统计信息:
mean: -0.194130
std: 0.502501
min: -4.194951
max: 5.237289
range: 9.432240
skewness: -0.094611
kurtosis: 2.577330
q1: -0.493790
q3: 0.082329
iqr: 0.576119
zero_ratio: 0.000000
extreme_ratio: 0.021763
gini_like: 0.472251
