激活值: layer_1_ffn_down_activation_input4
特殊程度分数: 30048.281778

统计信息:
mean: 0.016172
std: 12.362883
min: -1462.875488
max: 2478.541260
range: 3941.416748
skewness: 108.658803
kurtosis: 29937.779330
q1: -0.016913
q3: 0.016852
iqr: 0.033765
zero_ratio: 0.000016
extreme_ratio: 0.000212
gini_like: 0.919695
