激活值: layer_30_ffn_gate_activation_input2
特殊程度分数: 286.931508

统计信息:
mean: -0.177407
std: 0.841001
min: -47.603634
max: 33.702785
range: 81.306419
skewness: -5.642330
kurtosis: 279.842013
q1: -0.491229
q3: 0.172971
iqr: 0.664200
zero_ratio: 0.000000
extreme_ratio: 0.019071
gini_like: 0.532869
