激活值: layer_13_input_ln_output_input8
特殊程度分数: 122.068140

统计信息:
mean: 0.006255
std: 0.410237
min: -11.197554
max: 11.341923
range: 22.539476
skewness: 1.962413
kurtosis: 118.992493
q1: -0.181302
q3: 0.188065
iqr: 0.369368
zero_ratio: 0.000031
extreme_ratio: 0.004639
gini_like: 0.510208
