激活值: layer_27_post_attn_ln_output_input0
特殊程度分数: 12.159111

统计信息:
mean: 0.002730
std: 0.390376
min: -7.625023
max: 7.318241
range: 14.943264
skewness: 0.026014
kurtosis: 10.994991
q1: -0.216512
q3: 0.218012
iqr: 0.434525
zero_ratio: 0.000019
extreme_ratio: 0.006235
gini_like: 0.506689
