激活值: layer_31_mlp_output_input1
特殊程度分数: 94.348903

统计信息:
mean: 0.009014
std: 2.497575
min: -77.146347
max: 34.021313
range: 111.167664
skewness: -3.230010
kurtosis: 90.038973
q1: -1.299559
q3: 1.346968
iqr: 2.646526
zero_ratio: 0.000000
extreme_ratio: 0.008423
gini_like: 0.455731
