激活值: layer_27_ffn_gate_activation_input5
特殊程度分数: 6.455488

统计信息:
mean: -0.236344
std: 0.589962
min: -5.335266
max: 5.201564
range: 10.536831
skewness: -0.639287
kurtosis: 4.262589
q1: -0.534148
q3: 0.073357
iqr: 0.607505
zero_ratio: 0.000000
extreme_ratio: 0.028486
gini_like: 0.491948
