激活值: layer_21_ffn_up_activation_input4
特殊程度分数: 2.571040

统计信息:
mean: 0.004684
std: 0.449850
min: -4.127900
max: 3.210826
range: 7.338726
skewness: 0.008304
kurtosis: 1.487867
q1: -0.255245
q3: 0.263771
iqr: 0.519016
zero_ratio: 0.000000
extreme_ratio: 0.007183
gini_like: 0.465608
