激活值: layer_29_input_ln_input_input5
特殊程度分数: 27069.750939

统计信息:
mean: 0.039666
std: 12.945221
min: -1460.850342
max: 2485.518311
range: 3946.368652
skewness: 102.919514
kurtosis: 26965.814870
q1: -0.885223
q3: 0.900361
iqr: 1.785584
zero_ratio: 0.000000
extreme_ratio: 0.000314
gini_like: 0.505139
