激活值: layer_2_ffn_down_activation_input9
特殊程度分数: 3191.167880

统计信息:
mean: -0.000117
std: 0.041862
min: -2.746277
max: 4.299162
range: 7.045439
skewness: 20.116751
kurtosis: 3170.089346
q1: -0.018899
q3: 0.018604
iqr: 0.037504
zero_ratio: 0.000057
extreme_ratio: 0.002944
gini_like: 0.451408
