激活值: layer_23_q_activation_input0
特殊程度分数: 23.045732

统计信息:
mean: -0.020562
std: 1.225703
min: -11.001879
max: 11.403762
range: 22.405640
skewness: -0.215658
kurtosis: 21.528116
q1: -0.498881
q3: 0.485779
iqr: 0.984660
zero_ratio: 0.000000
extreme_ratio: 0.012207
gini_like: 0.528909
