激活值: layer_13_input_ln_input_input4
特殊程度分数: 29960.544278

统计信息:
mean: 0.017813
std: 12.447965
min: -1470.156616
max: 2493.715088
range: 3963.871582
skewness: 108.657838
kurtosis: 29850.627158
q1: -0.218595
q3: 0.219884
iqr: 0.438479
zero_ratio: 0.000000
extreme_ratio: 0.000195
gini_like: 0.627688
