激活值: layer_3_mlp_output_input2
特殊程度分数: 8.199528

统计信息:
mean: -0.000099
std: 0.038587
min: -0.298674
max: 0.867136
range: 1.165811
skewness: 0.274003
kurtosis: 6.839374
q1: -0.022021
q3: 0.021612
iqr: 0.043633
zero_ratio: 0.000000
extreme_ratio: 0.007660
gini_like: 0.466476
