激活值: layer_12_ffn_gate_activation_input2
特殊程度分数: 4.244665

统计信息:
mean: -0.169444
std: 0.365098
min: -3.498986
max: 2.743357
range: 6.242343
skewness: -0.292583
kurtosis: 2.408224
q1: -0.380164
q3: 0.044048
iqr: 0.424212
zero_ratio: 0.000000
extreme_ratio: 0.030546
gini_like: 0.466469
