激活值: layer_19_self_attn_output_input7
特殊程度分数: 25.600120

统计信息:
mean: 0.001175
std: 0.088649
min: -0.711107
max: 2.310567
range: 3.021674
skewness: 1.028492
kurtosis: 23.426387
q1: -0.046727
q3: 0.048539
iqr: 0.095266
zero_ratio: 0.000000
extreme_ratio: 0.010648
gini_like: 0.466137
