激活值: layer_3_ffn_up_activation_input9
特殊程度分数: 2.403338

统计信息:
mean: 0.000002
std: 0.163448
min: -1.722989
max: 1.215276
range: 2.938265
skewness: -0.010315
kurtosis: 1.353595
q1: -0.097706
q3: 0.097228
iqr: 0.194933
zero_ratio: 0.000011
extreme_ratio: 0.007086
gini_like: 0.448849
