激活值: layer_31_o_activation_input5
特殊程度分数: 25094.018110

统计信息:
mean: -0.004763
std: 1.241320
min: -236.650421
max: 126.711830
range: 363.362244
skewness: -103.919848
kurtosis: 24988.999729
q1: -0.170359
q3: 0.165197
iqr: 0.335556
zero_ratio: 0.000000
extreme_ratio: 0.000732
gini_like: 0.541942
