激活值: layer_18_post_attn_ln_output_input7
特殊程度分数: 9.679919

统计信息:
mean: 0.000637
std: 0.288017
min: -5.076799
max: 5.101517
range: 10.178316
skewness: 0.061103
kurtosis: 8.505264
q1: -0.163571
q3: 0.163513
iqr: 0.327085
zero_ratio: 0.000019
extreme_ratio: 0.005559
gini_like: 0.501173
