激活值: layer_1_ffn_gate_activation_input6
特殊程度分数: 9429.932047

统计信息:
mean: -0.041808
std: 0.221539
min: -8.669763
max: 41.359356
range: 50.029118
skewness: 58.193467
kurtosis: 9370.758196
q1: -0.125097
q3: 0.033905
iqr: 0.159003
zero_ratio: 0.000006
extreme_ratio: 0.003692
gini_like: 0.453266
