激活值: layer_15_v_activation_input1
特殊程度分数: 2.869011

统计信息:
mean: 0.001831
std: 0.383220
min: -2.743758
max: 2.827720
range: 5.571479
skewness: -0.034920
kurtosis: 1.664701
q1: -0.209173
q3: 0.212565
iqr: 0.421738
zero_ratio: 0.000017
extreme_ratio: 0.008353
gini_like: 0.501151
