激活值: layer_6_q_activation_input1
特殊程度分数: 18.640962

统计信息:
mean: -0.010076
std: 1.240817
min: -11.703800
max: 11.093431
range: 22.797230
skewness: -0.024030
kurtosis: 17.134017
q1: -0.464579
q3: 0.446488
iqr: 0.911067
zero_ratio: 0.000000
extreme_ratio: 0.019270
gini_like: 0.548761
