激活值: layer_6_post_attn_ln_output_input7
特殊程度分数: 35.192038

统计信息:
mean: 0.003442
std: 0.183603
min: -5.448411
max: 3.123729
range: 8.572140
skewness: -0.744450
kurtosis: 33.330743
q1: -0.097995
q3: 0.105388
iqr: 0.203383
zero_ratio: 0.000038
extreme_ratio: 0.005465
gini_like: 0.503744
