激活值: layer_29_k_activation_input8
特殊程度分数: 27.614332

统计信息:
mean: 0.033526
std: 1.385414
min: -15.076556
max: 15.456910
range: 30.533466
skewness: -0.056908
kurtosis: 26.195507
q1: -0.502068
q3: 0.540464
iqr: 1.042533
zero_ratio: 0.000000
extreme_ratio: 0.012436
gini_like: 0.556599
