激活值: layer_7_k_activation_input1
特殊程度分数: 23.091309

统计信息:
mean: 0.013599
std: 1.413170
min: -16.417669
max: 13.360223
range: 29.777893
skewness: -0.141664
kurtosis: 21.469124
q1: -0.478870
q3: 0.484561
iqr: 0.963431
zero_ratio: 0.000000
extreme_ratio: 0.015660
gini_like: 0.583662
