激活值: layer_18_v_activation_input5
特殊程度分数: 3.471993

统计信息:
mean: -0.001799
std: 0.457714
min: -3.790948
max: 2.923399
range: 6.714347
skewness: -0.122757
kurtosis: 2.146588
q1: -0.249527
q3: 0.249919
iqr: 0.499445
zero_ratio: 0.000017
extreme_ratio: 0.009330
gini_like: 0.508015
