激活值: layer_26_input_ln_output_input7
特殊程度分数: 25.547077

统计信息:
mean: 0.000791
std: 0.481182
min: -9.522299
max: 7.859439
range: 17.381737
skewness: 0.162859
kurtosis: 24.263388
q1: -0.254127
q3: 0.253203
iqr: 0.507330
zero_ratio: 0.000019
extreme_ratio: 0.005089
gini_like: 0.509507
