激活值: layer_1_input_ln_input_input3
特殊程度分数: 604.745505

统计信息:
mean: 0.000696
std: 0.042361
min: -0.802136
max: 2.384566
range: 3.186702
skewness: 14.440906
kurtosis: 589.135436
q1: -0.015646
q3: 0.015766
iqr: 0.031412
zero_ratio: 0.000016
extreme_ratio: 0.008659
gini_like: 0.497981
