激活值: layer_14_input_ln_output_input6
特殊程度分数: 148.723874

统计信息:
mean: 0.004586
std: 0.417470
min: -8.937053
max: 13.741221
range: 22.678274
skewness: 3.013210
kurtosis: 144.577024
q1: -0.181151
q3: 0.185315
iqr: 0.366465
zero_ratio: 0.000035
extreme_ratio: 0.004813
gini_like: 0.518663
