激活值: layer_14_post_attn_ln_input_input2
特殊程度分数: 32021.875902

统计信息:
mean: 0.018199
std: 12.136274
min: -1481.472168
max: 2512.567627
range: 3994.039795
skewness: 112.324153
kurtosis: 31908.306516
q1: -0.224493
q3: 0.224095
iqr: 0.448588
zero_ratio: 0.000000
extreme_ratio: 0.000198
gini_like: 0.620633
