激活值: layer_9_ffn_up_activation_input5
特殊程度分数: 2.727041

统计信息:
mean: -0.001516
std: 0.269586
min: -2.470488
max: 1.845752
range: 4.316240
skewness: -0.069775
kurtosis: 1.553209
q1: -0.154082
q3: 0.152830
iqr: 0.306912
zero_ratio: 0.000000
extreme_ratio: 0.008980
gini_like: 0.462224
