激活值: layer_14_post_attn_ln_input_input4
特殊程度分数: 29942.893471

统计信息:
mean: 0.018128
std: 12.450946
min: -1470.374390
max: 2493.899902
range: 3964.274414
skewness: 108.610117
kurtosis: 29833.065411
q1: -0.250764
q3: 0.252309
iqr: 0.503073
zero_ratio: 0.000016
extreme_ratio: 0.000179
gini_like: 0.607169
