激活值: layer_0_o_activation_input4
特殊程度分数: 369.636540

统计信息:
mean: 0.000409
std: 0.018738
min: -0.590204
max: 0.837928
range: 1.428133
skewness: 8.535249
kurtosis: 359.840387
q1: -0.005778
q3: 0.006029
iqr: 0.011807
zero_ratio: 0.000114
extreme_ratio: 0.010010
gini_like: 0.530269
