激活值: layer_26_q_activation_input4
特殊程度分数: 21.986146

统计信息:
mean: -0.017593
std: 1.268006
min: -13.525147
max: 12.119906
range: 25.645054
skewness: -0.140312
kurtosis: 20.516121
q1: -0.523182
q3: 0.507167
iqr: 1.030349
zero_ratio: 0.000000
extreme_ratio: 0.014323
gini_like: 0.521627
