激活值: layer_3_ffn_gate_activation_input9
特殊程度分数: 6.128475

统计信息:
mean: -0.070431
std: 0.193146
min: -3.708059
max: 1.747323
range: 5.455382
skewness: -0.303962
kurtosis: 4.555026
q1: -0.188238
q3: 0.044730
iqr: 0.232968
zero_ratio: 0.000000
extreme_ratio: 0.018356
gini_like: 0.451188
