激活值: layer_28_q_activation_input8
特殊程度分数: 23.319804

统计信息:
mean: 0.003706
std: 1.294901
min: -12.220379
max: 12.507153
range: 24.727531
skewness: -0.102645
kurtosis: 21.959681
q1: -0.543323
q3: 0.546736
iqr: 1.090058
zero_ratio: 0.000000
extreme_ratio: 0.011703
gini_like: 0.511704
