激活值: layer_14_input_ln_output_input5
特殊程度分数: 143.687503

统计信息:
mean: 0.006103
std: 0.420198
min: -9.587202
max: 12.993257
range: 22.580460
skewness: 2.175116
kurtosis: 140.380066
q1: -0.179491
q3: 0.185925
iqr: 0.365416
zero_ratio: 0.000017
extreme_ratio: 0.004708
gini_like: 0.519063
