激活值: layer_3_post_attn_ln_output_input9
特殊程度分数: 22.294040

统计信息:
mean: -0.000208
std: 0.131863
min: -3.477399
max: 2.854882
range: 6.332282
skewness: -0.258128
kurtosis: 20.962597
q1: -0.077144
q3: 0.077095
iqr: 0.154239
zero_ratio: 0.000043
extreme_ratio: 0.005314
gini_like: 0.483489
