激活值: layer_24_q_activation_input0
特殊程度分数: 23.083548

统计信息:
mean: 0.001234
std: 1.203209
min: -11.072582
max: 12.064922
range: 23.137505
skewness: -0.242052
kurtosis: 21.501239
q1: -0.474549
q3: 0.478609
iqr: 0.953157
zero_ratio: 0.000000
extreme_ratio: 0.013916
gini_like: 0.530968
