激活值: layer_15_v_activation_input3
特殊程度分数: 2.392650

统计信息:
mean: 0.003113
std: 0.409392
min: -2.498531
max: 3.078614
range: 5.577145
skewness: -0.029018
kurtosis: 1.224880
q1: -0.229337
q3: 0.235877
iqr: 0.465214
zero_ratio: 0.000033
extreme_ratio: 0.007699
gini_like: 0.492366
