激活值: layer_29_input_ln_output_input2
特殊程度分数: 27.340701

统计信息:
mean: 0.002925
std: 0.448257
min: -11.009763
max: 7.881561
range: 18.891323
skewness: 0.263845
kurtosis: 25.917879
q1: -0.220741
q3: 0.224134
iqr: 0.444875
zero_ratio: 0.000000
extreme_ratio: 0.006332
gini_like: 0.516164
