激活值: layer_17_self_attn_output_input2
特殊程度分数: 165.828996

统计信息:
mean: -0.001845
std: 0.093166
min: -2.505705
max: 5.114012
range: 7.619717
skewness: 2.447773
kurtosis: 162.424978
q1: -0.057060
q3: 0.053381
iqr: 0.110442
zero_ratio: 0.000000
extreme_ratio: 0.004166
gini_like: 0.436466
