激活值: layer_17_ffn_gate_activation_input7
特殊程度分数: 4.263313

统计信息:
mean: -0.235710
std: 0.473483
min: -4.023979
max: 4.691243
range: 8.715222
skewness: -0.175857
kurtosis: 2.494915
q1: -0.519779
q3: 0.036193
iqr: 0.555971
zero_ratio: 0.000000
extreme_ratio: 0.032068
gini_like: 0.475595
