激活值: layer_11_self_attn_output_input6
特殊程度分数: 109.010680

统计信息:
mean: -0.000873
std: 0.063991
min: -2.839695
max: 1.313605
range: 4.153300
skewness: -2.412617
kurtosis: 105.589582
q1: -0.037626
q3: 0.036446
iqr: 0.074072
zero_ratio: 0.000017
extreme_ratio: 0.005947
gini_like: 0.444761
