激活值: layer_23_input_ln_input_input6
特殊程度分数: 27421.306693

统计信息:
mean: 0.025520
std: 12.708716
min: -1438.666138
max: 2447.194092
range: 3885.860352
skewness: 104.023871
kurtosis: 27316.267281
q1: -0.689518
q3: 0.690288
iqr: 1.379806
zero_ratio: 0.000000
extreme_ratio: 0.000140
gini_like: 0.506375
