激活值: layer_9_input_ln_input_input2
特殊程度分数: 32055.765169

统计信息:
mean: 0.017342
std: 12.126413
min: -1480.637939
max: 2511.243408
range: 3991.881348
skewness: 112.396909
kurtosis: 31941.978131
q1: -0.138648
q3: 0.140364
iqr: 0.279012
zero_ratio: 0.000000
extreme_ratio: 0.000214
gini_like: 0.692928
