激活值: layer_31_ffn_gate_activation_input2
特殊程度分数: 38.473338

统计信息:
mean: -0.072279
std: 1.111194
min: -9.266157
max: 26.845055
range: 36.111214
skewness: 3.699584
kurtosis: 33.447617
q1: -0.521079
q3: 0.310374
iqr: 0.831453
zero_ratio: 0.000000
extreme_ratio: 0.013621
gini_like: 0.526860
