激活值: layer_3_ffn_gate_activation_input0
特殊程度分数: 4.767309

统计信息:
mean: -0.058607
std: 0.189349
min: -2.877738
max: 1.832268
range: 4.710006
skewness: -0.234683
kurtosis: 3.283762
q1: -0.171424
q3: 0.051935
iqr: 0.223359
zero_ratio: 0.000007
extreme_ratio: 0.016464
gini_like: 0.459791
