激活值: layer_12_input_ln_input_input0
特殊程度分数: 25796.485442

统计信息:
mean: 0.019322
std: 13.147598
min: -1443.052246
max: 2447.007080
range: 3890.059326
skewness: 100.761100
kurtosis: 25694.386395
q1: -0.189441
q3: 0.191426
iqr: 0.380868
zero_ratio: 0.000000
extreme_ratio: 0.000225
gini_like: 0.666720
