激活值: layer_5_ffn_gate_activation_input3
特殊程度分数: 4.003430

统计信息:
mean: -0.142017
std: 0.278016
min: -2.505138
max: 2.772900
range: 5.278038
skewness: -0.176764
kurtosis: 2.276386
q1: -0.305861
q3: 0.024021
iqr: 0.329882
zero_ratio: 0.000000
extreme_ratio: 0.032710
gini_like: 0.448044
