激活值: layer_13_o_activation_input0
特殊程度分数: 65.559838

统计信息:
mean: 0.000974
std: 0.090568
min: -1.281588
max: 2.676450
range: 3.958038
skewness: 2.500517
kurtosis: 62.079655
q1: -0.051575
q3: 0.051775
iqr: 0.103350
zero_ratio: 0.000000
extreme_ratio: 0.004376
gini_like: 0.446075
