激活值: layer_2_q_activation_input2
特殊程度分数: 10.080570

统计信息:
mean: 0.005185
std: 1.155661
min: -8.796920
max: 9.232737
range: 18.029655
skewness: 0.110219
kurtosis: 8.455549
q1: -0.441514
q3: 0.456551
iqr: 0.898065
zero_ratio: 0.000000
extreme_ratio: 0.020935
gini_like: 0.548050
