激活值: layer_1_post_attn_ln_output_input2
特殊程度分数: 5.932517

统计信息:
mean: 0.000737
std: 0.080872
min: -0.831855
max: 1.085976
range: 1.917831
skewness: 0.151334
kurtosis: 4.763294
q1: -0.049158
q3: 0.050327
iqr: 0.099485
zero_ratio: 0.000015
extreme_ratio: 0.007263
gini_like: 0.436301
