激活值: layer_16_ffn_down_activation_input5
特殊程度分数: 62.350146

统计信息:
mean: 0.001072
std: 0.210407
min: -4.622052
max: 5.664498
range: 10.286551
skewness: 1.484939
kurtosis: 59.922835
q1: -0.122560
q3: 0.122691
iqr: 0.245251
zero_ratio: 0.000000
extreme_ratio: 0.003819
gini_like: 0.432996
