激活值: layer_27_post_attn_ln_input_input0
特殊程度分数: 25523.476925

统计信息:
mean: 0.033374
std: 13.220356
min: -1442.469238
max: 2454.769531
range: 3897.238770
skewness: 100.442143
kurtosis: 25422.020443
q1: -0.730941
q3: 0.735255
iqr: 1.466196
zero_ratio: 0.000000
extreme_ratio: 0.000169
gini_like: 0.505479
