激活值: layer_3_ffn_gate_activation_input8
特殊程度分数: 5.458204

统计信息:
mean: -0.059232
std: 0.181877
min: -2.913539
max: 1.606084
range: 4.519623
skewness: -0.256263
kurtosis: 3.953330
q1: -0.168130
q3: 0.047382
iqr: 0.215512
zero_ratio: 0.000006
extreme_ratio: 0.016942
gini_like: 0.454879
