激活值: layer_7_post_attn_ln_output_input0
特殊程度分数: 39.855142

统计信息:
mean: -0.000918
std: 0.195821
min: -5.893662
max: 3.619785
range: 9.513448
skewness: -0.724142
kurtosis: 38.007155
q1: -0.108644
q3: 0.106720
iqr: 0.215364
zero_ratio: 0.000056
extreme_ratio: 0.005672
gini_like: 0.505164
