激活值: layer_13_q_activation_input8
特殊程度分数: 23.720193

统计信息:
mean: 0.018984
std: 1.222982
min: -10.518380
max: 12.236171
range: 22.754551
skewness: 0.940552
kurtosis: 21.398478
q1: -0.462391
q3: 0.472950
iqr: 0.935341
zero_ratio: 0.000000
extreme_ratio: 0.015305
gini_like: 0.537536
