激活值: layer_12_k_activation_input1
特殊程度分数: 23.143737

统计信息:
mean: 0.022823
std: 1.491924
min: -16.916084
max: 14.319501
range: 31.235584
skewness: -0.127459
kurtosis: 21.532541
q1: -0.490250
q3: 0.533133
iqr: 1.023383
zero_ratio: 0.000000
extreme_ratio: 0.015887
gini_like: 0.583003
