激活值: layer_8_ffn_down_activation_input8
特殊程度分数: 18.414787

统计信息:
mean: -0.000037
std: 0.087865
min: -0.778331
max: 2.478753
range: 3.257084
skewness: 0.651701
kurtosis: 16.720090
q1: -0.050249
q3: 0.050530
iqr: 0.100779
zero_ratio: 0.000000
extreme_ratio: 0.004990
gini_like: 0.471602
