激活值: layer_23_ffn_gate_activation_input3
特殊程度分数: 3.441626

统计信息:
mean: -0.217593
std: 0.574680
min: -4.662112
max: 6.434881
range: 11.096992
skewness: 0.042600
kurtosis: 2.050245
q1: -0.575243
q3: 0.097815
iqr: 0.673058
zero_ratio: 0.000000
extreme_ratio: 0.020579
gini_like: 0.468601
