激活值: layer_31_post_attn_ln_input_input6
特殊程度分数: 158.980378

统计信息:
mean: 0.011958
std: 2.099014
min: -21.429188
max: 76.739120
range: 98.168304
skewness: 5.011831
kurtosis: 152.946019
q1: -1.126837
q3: 1.130204
iqr: 2.257040
zero_ratio: 0.000000
extreme_ratio: 0.004517
gini_like: 0.466098
