激活值: layer_15_ffn_gate_activation_input8
特殊程度分数: 4.605137

统计信息:
mean: -0.200015
std: 0.427996
min: -4.154525
max: 3.384282
range: 7.538807
skewness: -0.216996
kurtosis: 2.867415
q1: -0.450057
q3: 0.043794
iqr: 0.493851
zero_ratio: 0.000000
extreme_ratio: 0.029280
gini_like: 0.467565
