激活值: layer_9_input_ln_output_input3
特殊程度分数: 84.508101

统计信息:
mean: 0.001106
std: 0.364923
min: -7.649184
max: 9.755956
range: 17.405140
skewness: 1.477714
kurtosis: 81.904957
q1: -0.172398
q3: 0.169688
iqr: 0.342086
zero_ratio: 0.000033
extreme_ratio: 0.004997
gini_like: 0.512723
