激活值: layer_15_ffn_up_activation_input1
特殊程度分数: 2.825919

统计信息:
mean: -0.002224
std: 0.352016
min: -3.893223
max: 3.395547
range: 7.288770
skewness: -0.010147
kurtosis: 1.709854
q1: -0.201813
q3: 0.197017
iqr: 0.398829
zero_ratio: 0.000013
extreme_ratio: 0.008682
gini_like: 0.466129
