激活值: layer_12_post_attn_ln_output_input7
特殊程度分数: 26.779996

统计信息:
mean: 0.003010
std: 0.219878
min: -5.666668
max: 4.022713
range: 9.689381
skewness: -0.187400
kurtosis: 25.467736
q1: -0.116093
q3: 0.120961
iqr: 0.237054
zero_ratio: 0.000000
extreme_ratio: 0.005521
gini_like: 0.507217
