激活值: layer_1_q_activation_input6
特殊程度分数: 2.014021

统计信息:
mean: -0.001854
std: 0.707662
min: -4.198639
max: 4.420052
range: 8.618690
skewness: -0.036457
kurtosis: 0.931548
q1: -0.435113
q3: 0.434099
iqr: 0.869213
zero_ratio: 0.000000
extreme_ratio: 0.008301
gini_like: 0.440001
