激活值: layer_11_input_ln_output_input3
特殊程度分数: 102.350899

统计信息:
mean: 0.004403
std: 0.406644
min: -9.057712
max: 11.737528
range: 20.795238
skewness: 1.940079
kurtosis: 99.296756
q1: -0.187633
q3: 0.191787
iqr: 0.379420
zero_ratio: 0.000065
extreme_ratio: 0.004557
gini_like: 0.511410
