激活值: layer_28_q_activation_input9
特殊程度分数: 23.239182

统计信息:
mean: 0.006067
std: 1.285319
min: -12.395193
max: 11.915762
range: 24.310955
skewness: -0.102006
kurtosis: 21.889299
q1: -0.544651
q3: 0.556442
iqr: 1.101093
zero_ratio: 0.000000
extreme_ratio: 0.011403
gini_like: 0.509911
