激活值: layer_8_k_activation_input3
特殊程度分数: 23.698225

统计信息:
mean: 0.004006
std: 1.414860
min: -14.828738
max: 15.916291
range: 30.745029
skewness: 0.432899
kurtosis: 21.771699
q1: -0.498806
q3: 0.493288
iqr: 0.992094
zero_ratio: 0.000000
extreme_ratio: 0.017008
gini_like: 0.576729
