激活值: layer_6_ffn_down_activation_input1
特殊程度分数: 5.365104

统计信息:
mean: -0.000438
std: 0.066753
min: -1.001357
max: 1.249555
range: 2.250911
skewness: 0.009041
kurtosis: 4.320142
q1: -0.039135
q3: 0.038259
iqr: 0.077394
zero_ratio: 0.000017
extreme_ratio: 0.004970
gini_like: 0.468247
