激活值: layer_14_q_activation_input0
特殊程度分数: 23.513542

统计信息:
mean: 0.013334
std: 1.148753
min: -11.648376
max: 11.386767
range: 23.035143
skewness: 0.317597
kurtosis: 21.835097
q1: -0.442865
q3: 0.451727
iqr: 0.894592
zero_ratio: 0.000000
extreme_ratio: 0.014724
gini_like: 0.533189
