激活值: layer_8_k_activation_input4
特殊程度分数: 23.257186

统计信息:
mean: -0.000102
std: 1.422141
min: -14.470196
max: 15.707773
range: 30.177969
skewness: 0.396261
kurtosis: 21.373636
q1: -0.507642
q3: 0.489713
iqr: 0.997355
zero_ratio: 0.000033
extreme_ratio: 0.016585
gini_like: 0.577767
