激活值: layer_31_post_attn_ln_output_input9
特殊程度分数: 4.520680

统计信息:
mean: -0.002758
std: 0.381345
min: -4.121605
max: 4.631742
range: 8.753347
skewness: 0.240177
kurtosis: 3.353486
q1: -0.254020
q3: 0.245189
iqr: 0.499209
zero_ratio: 0.000000
extreme_ratio: 0.004237
gini_like: 0.421143
