激活值: layer_8_ffn_up_activation_input8
特殊程度分数: 2.590415

统计信息:
mean: -0.000208
std: 0.262909
min: -2.583591
max: 2.122399
range: 4.705990
skewness: 0.005783
kurtosis: 1.503736
q1: -0.153116
q3: 0.152085
iqr: 0.305201
zero_ratio: 0.000000
extreme_ratio: 0.008295
gini_like: 0.457497
