激活值: layer_30_ffn_down_activation_input8
特殊程度分数: 34179.866788

统计信息:
mean: -0.019643
std: 10.931758
min: -2302.916260
max: 1374.151611
range: 3677.067871
skewness: -114.701045
kurtosis: 34064.082287
q1: -0.405506
q3: 0.394979
iqr: 0.800485
zero_ratio: 0.000000
extreme_ratio: 0.000153
gini_like: 0.540202
