激活值: layer_5_ffn_down_activation_input8
特殊程度分数: 4.909935

统计信息:
mean: 0.000116
std: 0.064060
min: -0.953750
max: 0.870696
range: 1.824446
skewness: -0.047359
kurtosis: 3.821495
q1: -0.037032
q3: 0.037784
iqr: 0.074815
zero_ratio: 0.000000
extreme_ratio: 0.005783
gini_like: 0.462709
