激活值: layer_21_post_attn_ln_input_input5
特殊程度分数: 27745.541435

统计信息:
mean: 0.033852
std: 12.870197
min: -1461.219360
max: 2486.375000
range: 3947.594238
skewness: 104.828137
kurtosis: 27639.662683
q1: -0.534171
q3: 0.552664
iqr: 1.086835
zero_ratio: 0.000000
extreme_ratio: 0.000157
gini_like: 0.523737
