激活值: layer_25_input_ln_input_input8
特殊程度分数: 31503.870510

统计信息:
mean: 0.036586
std: 12.277968
min: -1488.138428
max: 2532.522705
range: 4020.661133
skewness: 111.407182
kurtosis: 31391.459950
q1: -0.756177
q3: 0.782849
iqr: 1.539025
zero_ratio: 0.000000
extreme_ratio: 0.000168
gini_like: 0.500011
