激活值: layer_28_ffn_up_activation_input4
特殊程度分数: 7.722203

统计信息:
mean: -0.006484
std: 0.616779
min: -9.767204
max: 5.509609
range: 15.276814
skewness: -0.266982
kurtosis: 6.187412
q1: -0.330421
q3: 0.318881
iqr: 0.649302
zero_ratio: 0.000000
extreme_ratio: 0.014517
gini_like: 0.488737
