激活值: layer_5_q_activation_input1
特殊程度分数: 18.245052

统计信息:
mean: -0.008652
std: 1.135563
min: -11.594272
max: 11.003502
range: 22.597775
skewness: 0.247212
kurtosis: 16.547907
q1: -0.442690
q3: 0.421375
iqr: 0.864065
zero_ratio: 0.000000
extreme_ratio: 0.018136
gini_like: 0.543605
