激活值: layer_10_q_activation_input5
特殊程度分数: 24.381979

统计信息:
mean: -0.008756
std: 1.194999
min: -11.492801
max: 11.115747
range: 22.608547
skewness: 0.424601
kurtosis: 22.564567
q1: -0.446860
q3: 0.422660
iqr: 0.869520
zero_ratio: 0.000000
extreme_ratio: 0.015102
gini_like: 0.545387
