激活值: layer_15_q_activation_input1
特殊程度分数: 30.225797

统计信息:
mean: -0.021507
std: 1.236392
min: -13.170534
max: 13.065187
range: 26.235722
skewness: -0.462822
kurtosis: 28.407408
q1: -0.465137
q3: 0.442669
iqr: 0.907806
zero_ratio: 0.000000
extreme_ratio: 0.013777
gini_like: 0.540019
