激活值: layer_28_k_activation_input4
特殊程度分数: 29.894930

统计信息:
mean: 0.024387
std: 1.403516
min: -13.603186
max: 15.244397
range: 28.847584
skewness: 0.867974
kurtosis: 27.688773
q1: -0.531967
q3: 0.545644
iqr: 1.077612
zero_ratio: 0.000000
extreme_ratio: 0.011426
gini_like: 0.554834
