激活值: layer_6_v_activation_input2
特殊程度分数: 3.981593

统计信息:
mean: 0.003892
std: 0.312142
min: -2.327985
max: 2.828790
range: 5.156775
skewness: 0.004812
kurtosis: 2.752517
q1: -0.166136
q3: 0.174552
iqr: 0.340688
zero_ratio: 0.000031
extreme_ratio: 0.010757
gini_like: 0.504535
