激活值: layer_19_q_activation_input9
特殊程度分数: 23.576639

统计信息:
mean: -0.014459
std: 1.216737
min: -12.330503
max: 11.208025
range: 23.538528
skewness: -0.838383
kurtosis: 21.359075
q1: -0.457802
q3: 0.471574
iqr: 0.929376
zero_ratio: 0.000029
extreme_ratio: 0.015237
gini_like: 0.537196
