激活值: layer_19_post_attn_ln_output_input0
特殊程度分数: 30.569733

统计信息:
mean: 0.001165
std: 0.309136
min: -6.343537
max: 8.486526
range: 14.830063
skewness: 0.515979
kurtosis: 28.946661
q1: -0.171505
q3: 0.174207
iqr: 0.345712
zero_ratio: 0.000000
extreme_ratio: 0.005146
gini_like: 0.502089
