激活值: layer_24_input_ln_input_input6
特殊程度分数: 27360.224173

统计信息:
mean: 0.026507
std: 12.717491
min: -1438.597900
max: 2447.563721
range: 3886.161621
skewness: 103.876286
kurtosis: 27255.336546
q1: -0.729297
q3: 0.736051
iqr: 1.465348
zero_ratio: 0.000000
extreme_ratio: 0.000140
gini_like: 0.504275
