激活值: layer_17_mlp_output_input5
特殊程度分数: 7.289747

统计信息:
mean: 0.001851
std: 0.186049
min: -0.897892
max: 3.542662
range: 4.440555
skewness: 0.384959
kurtosis: 5.815481
q1: -0.105222
q3: 0.105921
iqr: 0.211143
zero_ratio: 0.000000
extreme_ratio: 0.006086
gini_like: 0.483793
