激活值: layer_17_q_activation_input6
特殊程度分数: 25.108570

统计信息:
mean: 0.005290
std: 1.231867
min: -12.065438
max: 12.710374
range: 24.775812
skewness: 0.157429
kurtosis: 23.578781
q1: -0.457197
q3: 0.460484
iqr: 0.917681
zero_ratio: 0.000000
extreme_ratio: 0.014648
gini_like: 0.539695
