激活值: layer_10_v_activation_input5
特殊程度分数: 2.576057

统计信息:
mean: -0.000602
std: 0.325410
min: -2.025178
max: 2.235500
range: 4.260678
skewness: 0.039241
kurtosis: 1.368495
q1: -0.184489
q3: 0.180645
iqr: 0.365134
zero_ratio: 0.000000
extreme_ratio: 0.008772
gini_like: 0.496444
