激活值: layer_24_o_activation_input0
特殊程度分数: 69.527603

统计信息:
mean: 0.003269
std: 0.170154
min: -1.151676
max: 5.631283
range: 6.782959
skewness: 2.478176
kurtosis: 65.921652
q1: -0.084555
q3: 0.090111
iqr: 0.174667
zero_ratio: 0.000000
extreme_ratio: 0.008169
gini_like: 0.482194
