激活值: layer_30_post_attn_ln_output_input3
特殊程度分数: 108.151805

统计信息:
mean: -0.001695
std: 0.418389
min: -11.596700
max: 16.884258
range: 28.480957
skewness: 1.493376
kurtosis: 105.583119
q1: -0.237947
q3: 0.230429
iqr: 0.468377
zero_ratio: 0.000016
extreme_ratio: 0.004932
gini_like: 0.488327
