激活值: layer_12_mlp_output_input5
特殊程度分数: 6.674007

统计信息:
mean: -0.000025
std: 0.099625
min: -0.961444
max: 1.889856
range: 2.851300
skewness: 0.223797
kurtosis: 5.375396
q1: -0.057172
q3: 0.055902
iqr: 0.113074
zero_ratio: 0.000000
extreme_ratio: 0.006069
gini_like: 0.476720
