激活值: layer_23_ffn_gate_activation_input2
特殊程度分数: 4.012880

统计信息:
mean: -0.158016
std: 0.493246
min: -5.305363
max: 6.172339
range: 11.477701
skewness: -0.023153
kurtosis: 2.628868
q1: -0.444981
q3: 0.101657
iqr: 0.546638
zero_ratio: 0.000000
extreme_ratio: 0.019883
gini_like: 0.481597
