激活值: layer_17_q_activation_input5
特殊程度分数: 25.827651

统计信息:
mean: 0.003666
std: 1.268590
min: -12.038640
max: 13.679624
range: 25.718264
skewness: 0.232426
kurtosis: 24.201638
q1: -0.455792
q3: 0.459502
iqr: 0.915294
zero_ratio: 0.000000
extreme_ratio: 0.015067
gini_like: 0.546124
