激活值: layer_26_k_activation_input7
特殊程度分数: 24.880946

统计信息:
mean: -0.022401
std: 1.357682
min: -13.389550
max: 14.533469
range: 27.923019
skewness: -0.161868
kurtosis: 23.287919
q1: -0.515934
q3: 0.490871
iqr: 1.006805
zero_ratio: 0.000000
extreme_ratio: 0.014592
gini_like: 0.569659
