激活值: layer_29_q_activation_input3
特殊程度分数: 24.450228

统计信息:
mean: -0.005239
std: 1.242292
min: -14.130512
max: 11.203280
range: 25.333794
skewness: -0.780221
kurtosis: 22.371740
q1: -0.510064
q3: 0.516698
iqr: 1.026762
zero_ratio: 0.000000
extreme_ratio: 0.013216
gini_like: 0.516972
