激活值: layer_18_input_ln_output_input0
特殊程度分数: 50.303724

统计信息:
mean: 0.000348
std: 0.425991
min: -9.765732
max: 11.092679
range: 20.858410
skewness: 0.573871
kurtosis: 48.612407
q1: -0.217791
q3: 0.219364
iqr: 0.437155
zero_ratio: 0.000000
extreme_ratio: 0.004676
gini_like: 0.511960
