激活值: layer_26_input_ln_output_input2
特殊程度分数: 41.129056

统计信息:
mean: 0.003929
std: 0.468353
min: -13.625346
max: 8.972406
range: 22.597752
skewness: 0.041371
kurtosis: 39.927381
q1: -0.221605
q3: 0.230516
iqr: 0.452122
zero_ratio: 0.000031
extreme_ratio: 0.005981
gini_like: 0.520315
