激活值: layer_25_post_attn_ln_input_input2
特殊程度分数: 31462.634373

统计信息:
mean: 0.029528
std: 12.220778
min: -1480.813599
max: 2519.648926
range: 4000.462402
skewness: 111.332289
kurtosis: 31350.256274
q1: -0.680923
q3: 0.680624
iqr: 1.361547
zero_ratio: 0.000000
extreme_ratio: 0.000183
gini_like: 0.521074
