激活值: layer_3_input_ln_output_input8
特殊程度分数: 80.435363

统计信息:
mean: 0.002421
std: 0.290868
min: -5.531663
max: 6.726001
range: 12.257664
skewness: 0.964714
kurtosis: 78.299215
q1: -0.124061
q3: 0.126159
iqr: 0.250220
zero_ratio: 0.000031
extreme_ratio: 0.006287
gini_like: 0.522828
