激活值: layer_26_input_ln_output_input1
特殊程度分数: 36.240628

统计信息:
mean: 0.000388
std: 0.468065
min: -8.723727
max: 7.992716
range: 16.716442
skewness: 0.175872
kurtosis: 34.953289
q1: -0.245736
q3: 0.240039
iqr: 0.485775
zero_ratio: 0.000017
extreme_ratio: 0.004918
gini_like: 0.506543
