激活值: layer_18_post_attn_ln_input_input3
特殊程度分数: 29731.023772

统计信息:
mean: 0.015858
std: 12.338363
min: -1451.898071
max: 2466.757812
range: 3918.655762
skewness: 108.395118
kurtosis: 29621.537410
q1: -0.402877
q3: 0.398453
iqr: 0.801331
zero_ratio: 0.000000
extreme_ratio: 0.000146
gini_like: 0.544157
