激活值: layer_0_input_ln_output_input5
特殊程度分数: 889.532675

统计信息:
mean: -0.000222
std: 0.071265
min: -4.674002
max: 2.897746
range: 7.571748
skewness: -6.635681
kurtosis: 881.339491
q1: -0.005521
q3: 0.005460
iqr: 0.010981
zero_ratio: 0.000488
extreme_ratio: 0.007760
gini_like: 0.700783
