激活值: layer_31_post_attn_ln_output_input5
特殊程度分数: 8.018215

统计信息:
mean: 0.002572
std: 0.363815
min: -4.121605
max: 5.677248
range: 9.798853
skewness: 0.440603
kurtosis: 6.639951
q1: -0.230333
q3: 0.233115
iqr: 0.463448
zero_ratio: 0.000000
extreme_ratio: 0.004377
gini_like: 0.425060
