激活值: layer_14_post_attn_ln_output_input3
特殊程度分数: 22.720202

统计信息:
mean: 0.002415
std: 0.236267
min: -5.664407
max: 4.478528
range: 10.142935
skewness: 0.033276
kurtosis: 21.592229
q1: -0.128643
q3: 0.132662
iqr: 0.261305
zero_ratio: 0.000016
extreme_ratio: 0.005111
gini_like: 0.496230
