激活值: layer_31_input_ln_output_input9
特殊程度分数: 22.969701

统计信息:
mean: -0.003108
std: 0.410064
min: -5.389422
max: 11.833755
range: 17.223177
skewness: 0.609489
kurtosis: 21.341747
q1: -0.251569
q3: 0.242771
iqr: 0.494340
zero_ratio: 0.000014
extreme_ratio: 0.005414
gini_like: 0.455080
