激活值: layer_3_ffn_gate_activation_input1
特殊程度分数: 6.274117

统计信息:
mean: -0.063350
std: 0.175587
min: -2.846666
max: 1.838029
range: 4.684695
skewness: -0.269133
kurtosis: 4.723424
q1: -0.169250
q3: 0.040592
iqr: 0.209843
zero_ratio: 0.000000
extreme_ratio: 0.018675
gini_like: 0.454033
