激活值: layer_8_post_attn_ln_input_input3
特殊程度分数: 29819.043576

统计信息:
mean: 0.016353
std: 12.304915
min: -1451.815796
max: 2461.547852
range: 3913.363770
skewness: 108.318353
kurtosis: 29709.320779
q1: -0.138735
q3: 0.137438
iqr: 0.276173
zero_ratio: 0.000000
extreme_ratio: 0.000212
gini_like: 0.700106
