激活值: layer_15_k_activation_input5
特殊程度分数: 23.214464

统计信息:
mean: -0.018756
std: 1.448570
min: -15.819545
max: 14.206680
range: 30.026226
skewness: -0.454439
kurtosis: 21.276736
q1: -0.510001
q3: 0.474724
iqr: 0.984725
zero_ratio: 0.000017
extreme_ratio: 0.015747
gini_like: 0.584161
