激活值: layer_3_ffn_gate_activation_input7
特殊程度分数: 4.941456

统计信息:
mean: -0.069007
std: 0.196619
min: -3.476734
max: 1.907983
range: 5.384717
skewness: -0.226972
kurtosis: 3.404445
q1: -0.186149
q3: 0.045503
iqr: 0.231652
zero_ratio: 0.000007
extreme_ratio: 0.019364
gini_like: 0.461379
