激活值: layer_16_input_ln_output_input8
特殊程度分数: 151.120833

统计信息:
mean: 0.005430
std: 0.423945
min: -12.255038
max: 12.910560
range: 25.165598
skewness: 2.539768
kurtosis: 147.466054
q1: -0.186341
q3: 0.191987
iqr: 0.378328
zero_ratio: 0.000015
extreme_ratio: 0.004745
gini_like: 0.510039
