激活值: layer_14_post_attn_ln_output_input5
特殊程度分数: 28.587942

统计信息:
mean: 0.002469
std: 0.230365
min: -5.664407
max: 4.478890
range: 10.143297
skewness: -0.015773
kurtosis: 27.453342
q1: -0.122269
q3: 0.126721
iqr: 0.248990
zero_ratio: 0.000017
extreme_ratio: 0.005702
gini_like: 0.502376
