激活值: layer_29_post_attn_ln_input_input3
特殊程度分数: 28747.200815

统计信息:
mean: 0.020967
std: 12.440233
min: -1450.822510
max: 2466.472412
range: 3917.294922
skewness: 105.802692
kurtosis: 28640.411834
q1: -1.039356
q3: 1.027545
iqr: 2.066902
zero_ratio: 0.000000
extreme_ratio: 0.000326
gini_like: 0.489890
