激活值: layer_25_ffn_gate_activation_input2
特殊程度分数: 4.833439

统计信息:
mean: -0.169772
std: 0.521839
min: -4.275560
max: 5.275743
range: 9.551304
skewness: -0.319346
kurtosis: 3.092631
q1: -0.451991
q3: 0.103865
iqr: 0.555857
zero_ratio: 0.000006
extreme_ratio: 0.022149
gini_like: 0.489240
