激活值: layer_3_post_attn_ln_output_input2
特殊程度分数: 25.335294

统计信息:
mean: -0.000442
std: 0.128675
min: -3.477399
max: 2.855084
range: 6.332483
skewness: -0.261624
kurtosis: 24.001103
q1: -0.075779
q3: 0.074435
iqr: 0.150214
zero_ratio: 0.000061
extreme_ratio: 0.004929
gini_like: 0.486952
