激活值: layer_9_ffn_gate_activation_input1
特殊程度分数: 3.887930

统计信息:
mean: -0.159213
std: 0.343199
min: -3.361514
max: 2.525805
range: 5.887319
skewness: -0.215971
kurtosis: 2.163149
q1: -0.359158
q3: 0.043060
iqr: 0.402218
zero_ratio: 0.000000
extreme_ratio: 0.029537
gini_like: 0.459035
