激活值: layer_2_v_activation_input0
特殊程度分数: 6.157269

统计信息:
mean: 0.001392
std: 0.173231
min: -1.441010
max: 2.219276
range: 3.660286
skewness: 0.228773
kurtosis: 4.637058
q1: -0.086454
q3: 0.088025
iqr: 0.174478
zero_ratio: 0.000113
extreme_ratio: 0.011756
gini_like: 0.528071
