激活值: layer_5_k_activation_input7
特殊程度分数: 23.164928

统计信息:
mean: 0.024160
std: 1.357507
min: -13.831691
max: 14.733202
range: 28.564892
skewness: 0.309684
kurtosis: 21.420399
q1: -0.500617
q3: 0.516087
iqr: 1.016704
zero_ratio: 0.000019
extreme_ratio: 0.015062
gini_like: 0.566792
