激活值: layer_6_self_attn_output_input1
特殊程度分数: 12.380334

统计信息:
mean: -0.000272
std: 0.044204
min: -0.982736
max: 0.385657
range: 1.368392
skewness: -0.294710
kurtosis: 10.827428
q1: -0.023694
q3: 0.023047
iqr: 0.046741
zero_ratio: 0.000000
extreme_ratio: 0.015887
gini_like: 0.470232
