激活值: layer_5_input_ln_output_input3
特殊程度分数: 72.274774

统计信息:
mean: 0.000796
std: 0.280862
min: -5.552096
max: 5.928968
range: 11.481064
skewness: 0.801002
kurtosis: 70.324525
q1: -0.130441
q3: 0.126515
iqr: 0.256956
zero_ratio: 0.000000
extreme_ratio: 0.005876
gini_like: 0.515867
