激活值: layer_1_mlp_output_input8
特殊程度分数: 32203.538132

统计信息:
mean: 0.015465
std: 12.108613
min: -1481.910767
max: 2510.690186
range: 3992.601074
skewness: 112.513574
kurtosis: 32089.174479
q1: -0.015125
q3: 0.015335
iqr: 0.030460
zero_ratio: 0.000061
extreme_ratio: 0.000198
gini_like: 0.923010
