激活值: layer_23_q_activation_input9
特殊程度分数: 23.520038

统计信息:
mean: -0.010098
std: 1.231988
min: -11.773724
max: 11.949672
range: 23.723396
skewness: -0.290115
kurtosis: 21.904376
q1: -0.492386
q3: 0.486972
iqr: 0.979357
zero_ratio: 0.000000
extreme_ratio: 0.013471
gini_like: 0.528065
