激活值: layer_3_o_activation_input6
特殊程度分数: 205.996316

统计信息:
mean: 0.000180
std: 0.027102
min: -0.462931
max: 1.238213
range: 1.701144
skewness: 5.280237
kurtosis: 199.574645
q1: -0.013046
q3: 0.012989
iqr: 0.026035
zero_ratio: 0.000070
extreme_ratio: 0.009086
gini_like: 0.479809
