激活值: layer_16_input_ln_output_input4
特殊程度分数: 83.953783

统计信息:
mean: 0.000726
std: 0.414887
min: -9.456931
max: 11.150259
range: 20.607189
skewness: 0.994119
kurtosis: 81.845385
q1: -0.199773
q3: 0.199616
iqr: 0.399389
zero_ratio: 0.000000
extreme_ratio: 0.004915
gini_like: 0.507986
