激活值: layer_16_k_activation_input6
特殊程度分数: 20.459475

统计信息:
mean: -0.005554
std: 1.430840
min: -13.640471
max: 13.812250
range: 27.452721
skewness: 0.197540
kurtosis: 18.754012
q1: -0.508019
q3: 0.478526
iqr: 0.986545
zero_ratio: 0.000000
extreme_ratio: 0.017003
gini_like: 0.583935
