激活值: layer_7_v_activation_input6
特殊程度分数: 3.934624

统计信息:
mean: 0.004120
std: 0.324145
min: -2.506221
max: 3.312117
range: 5.818338
skewness: 0.048262
kurtosis: 2.668900
q1: -0.169492
q3: 0.177932
iqr: 0.347423
zero_ratio: 0.000017
extreme_ratio: 0.009835
gini_like: 0.510365
