激活值: layer_25_input_ln_output_input6
特殊程度分数: 20.309852

统计信息:
mean: 0.001731
std: 0.496144
min: -7.945575
max: 8.717132
range: 16.662706
skewness: 0.264295
kurtosis: 18.933073
q1: -0.267288
q3: 0.272544
iqr: 0.539832
zero_ratio: 0.000000
extreme_ratio: 0.005441
gini_like: 0.501833
