激活值: layer_23_input_ln_input_input1
特殊程度分数: 27632.479293

统计信息:
mean: 0.021398
std: 12.899099
min: -1462.358521
max: 2489.567383
range: 3951.925781
skewness: 104.564705
kurtosis: 27526.885480
q1: -0.663421
q3: 0.645238
iqr: 1.308658
zero_ratio: 0.000000
extreme_ratio: 0.000140
gini_like: 0.513159
