激活值: layer_11_o_activation_input7
特殊程度分数: 74.575856

统计信息:
mean: -0.000539
std: 0.051998
min: -1.805860
max: 1.313605
range: 3.119465
skewness: -1.691461
kurtosis: 71.912301
q1: -0.031373
q3: 0.030491
iqr: 0.061864
zero_ratio: 0.000019
extreme_ratio: 0.004751
gini_like: 0.438519
