激活值: layer_3_mlp_output_input3
特殊程度分数: 2.620449

统计信息:
mean: -0.000231
std: 0.036549
min: -0.328051
max: 0.334545
range: 0.662596
skewness: 0.024567
kurtosis: 1.525051
q1: -0.021169
q3: 0.020944
iqr: 0.042113
zero_ratio: 0.000016
extreme_ratio: 0.007373
gini_like: 0.461673
