激活值: layer_13_mlp_output_input7
特殊程度分数: 34.409345

统计信息:
mean: 0.000291
std: 0.122514
min: -1.790525
max: 4.127709
range: 5.918235
skewness: 1.042381
kurtosis: 32.238887
q1: -0.064802
q3: 0.064858
iqr: 0.129659
zero_ratio: 0.000000
extreme_ratio: 0.007174
gini_like: 0.492299
