激活值: layer_25_post_attn_ln_input_input5
特殊程度分数: 27442.256892

统计信息:
mean: 0.038085
std: 12.910718
min: -1461.147217
max: 2487.471924
range: 3948.619141
skewness: 104.039730
kurtosis: 27337.190390
q1: -0.725779
q3: 0.740314
iqr: 1.466093
zero_ratio: 0.000000
extreme_ratio: 0.000209
gini_like: 0.511294
