激活值: layer_13_q_activation_input4
特殊程度分数: 23.280796

统计信息:
mean: 0.021442
std: 1.216577
min: -10.693268
max: 11.528351
range: 22.221619
skewness: 0.886473
kurtosis: 21.014411
q1: -0.454007
q3: 0.468501
iqr: 0.922508
zero_ratio: 0.000000
extreme_ratio: 0.015055
gini_like: 0.539403
