激活值: layer_20_ffn_up_activation_input5
特殊程度分数: 2.981222

统计信息:
mean: -0.001504
std: 0.420588
min: -4.674166
max: 3.085184
range: 7.759351
skewness: -0.026006
kurtosis: 1.847277
q1: -0.236411
q3: 0.232926
iqr: 0.469337
zero_ratio: 0.000000
extreme_ratio: 0.008143
gini_like: 0.472535
