激活值: layer_18_ffn_down_activation_input0
特殊程度分数: 6.793582

统计信息:
mean: -0.002126
std: 0.183457
min: -2.633061
max: 3.536187
range: 6.169249
skewness: 0.012798
kurtosis: 5.675668
q1: -0.105292
q3: 0.100662
iqr: 0.205954
zero_ratio: 0.000019
extreme_ratio: 0.006197
gini_like: 0.490570
