激活值: layer_24_ffn_up_activation_input3
特殊程度分数: 2.192833

统计信息:
mean: 0.002473
std: 0.495404
min: -3.616868
max: 4.376915
range: 7.993783
skewness: 0.022880
kurtosis: 1.103329
q1: -0.285726
q3: 0.290189
iqr: 0.575915
zero_ratio: 0.000000
extreme_ratio: 0.006765
gini_like: 0.465664
