激活值: layer_8_ffn_down_activation_input2
特殊程度分数: 4428.879494

统计信息:
mean: -0.000107
std: 0.094523
min: -12.307339
max: 2.290611
range: 14.597950
skewness: -33.338846
kurtosis: 4394.567673
q1: -0.046965
q3: 0.046884
iqr: 0.093849
zero_ratio: 0.000015
extreme_ratio: 0.001694
gini_like: 0.469538
