激活值: layer_2_input_ln_input_input5
特殊程度分数: 27973.019355

统计信息:
mean: 0.018098
std: 12.737111
min: -1455.115112
max: 2465.029297
range: 3920.144531
skewness: 104.801189
kurtosis: 27866.425018
q1: -0.026679
q3: 0.027387
iqr: 0.054066
zero_ratio: 0.000017
extreme_ratio: 0.000209
gini_like: 0.894468
