激活值: layer_27_input_ln_input_input9
特殊程度分数: 32951.642083

统计信息:
mean: 0.019058
std: 11.791640
min: -1466.950195
max: 2496.781250
range: 3963.731445
skewness: 113.652004
kurtosis: 32837.005940
q1: -0.901483
q3: 0.883530
iqr: 1.785014
zero_ratio: 0.000000
extreme_ratio: 0.000230
gini_like: 0.489772
