激活值: layer_22_k_activation_input3
特殊程度分数: 26.772388

统计信息:
mean: -0.013150
std: 1.441009
min: -16.206047
max: 16.656504
range: 32.862549
skewness: -0.260634
kurtosis: 25.081645
q1: -0.522169
q3: 0.525123
iqr: 1.047292
zero_ratio: 0.000000
extreme_ratio: 0.014648
gini_like: 0.568571
