激活值: layer_4_k_activation_input6
特殊程度分数: 19.146285

统计信息:
mean: 0.007463
std: 1.347975
min: -12.283090
max: 13.614786
range: 25.897877
skewness: 0.172639
kurtosis: 17.509005
q1: -0.513130
q3: 0.523153
iqr: 1.036282
zero_ratio: 0.000000
extreme_ratio: 0.017160
gini_like: 0.560725
