激活值: layer_7_k_activation_input2
特殊程度分数: 22.018812

统计信息:
mean: 0.011766
std: 1.365508
min: -16.494156
max: 12.964184
range: 29.458340
skewness: -0.228747
kurtosis: 20.328795
q1: -0.480697
q3: 0.488201
iqr: 0.968898
zero_ratio: 0.000000
extreme_ratio: 0.015701
gini_like: 0.573622
