激活值: layer_8_input_ln_input_input4
特殊程度分数: 29972.366325

统计信息:
mean: 0.016698
std: 12.443211
min: -1470.190552
max: 2492.946045
range: 3963.136719
skewness: 108.635869
kurtosis: 29862.315732
q1: -0.135074
q3: 0.133566
iqr: 0.268639
zero_ratio: 0.000000
extreme_ratio: 0.000228
gini_like: 0.705083
