激活值: layer_27_k_activation_input7
特殊程度分数: 32.239282

统计信息:
mean: -0.005005
std: 1.403352
min: -16.475227
max: 14.224871
range: 30.700098
skewness: -0.709089
kurtosis: 30.169779
q1: -0.517759
q3: 0.528876
iqr: 1.046635
zero_ratio: 0.000000
extreme_ratio: 0.011606
gini_like: 0.564146
