激活值: layer_22_input_ln_output_input8
特殊程度分数: 39.297727

统计信息:
mean: 0.005085
std: 0.457544
min: -9.579609
max: 9.866574
range: 19.446182
skewness: 0.537519
kurtosis: 37.659466
q1: -0.234652
q3: 0.241771
iqr: 0.476422
zero_ratio: 0.000015
extreme_ratio: 0.004959
gini_like: 0.500769
