激活值: layer_6_post_attn_ln_output_input3
特殊程度分数: 33.167677

统计信息:
mean: 0.001042
std: 0.181168
min: -5.448411
max: 3.123579
range: 8.571989
skewness: -0.591745
kurtosis: 31.481741
q1: -0.101941
q3: 0.103622
iqr: 0.205563
zero_ratio: 0.000016
extreme_ratio: 0.005387
gini_like: 0.493210
