激活值: layer_17_k_activation_input5
特殊程度分数: 24.825953

统计信息:
mean: -0.011069
std: 1.476409
min: -16.556520
max: 14.920346
range: 31.476868
skewness: -0.354105
kurtosis: 22.971994
q1: -0.492962
q3: 0.504262
iqr: 0.997223
zero_ratio: 0.000000
extreme_ratio: 0.016636
gini_like: 0.583562
