激活值: layer_3_mlp_output_input9
特殊程度分数: 3.274225

统计信息:
mean: -0.000522
std: 0.037286
min: -0.486503
max: 0.307835
range: 0.794337
skewness: -0.113097
kurtosis: 2.118305
q1: -0.022215
q3: 0.021283
iqr: 0.043498
zero_ratio: 0.000086
extreme_ratio: 0.006391
gini_like: 0.457439
