激活值: layer_10_self_attn_output_input1
特殊程度分数: 14.979394

统计信息:
mean: -0.000930
std: 0.055329
min: -1.186146
max: 1.394574
range: 2.580720
skewness: -0.062379
kurtosis: 13.921174
q1: -0.034817
q3: 0.033307
iqr: 0.068124
zero_ratio: 0.000035
extreme_ratio: 0.006260
gini_like: 0.435290
