激活值: layer_11_ffn_down_activation_input3
特殊程度分数: 6.526645

统计信息:
mean: 0.001228
std: 0.107940
min: -0.496828
max: 2.117945
range: 2.614773
skewness: 0.298392
kurtosis: 5.189976
q1: -0.062136
q3: 0.064032
iqr: 0.126168
zero_ratio: 0.000016
extreme_ratio: 0.005306
gini_like: 0.466067
