激活值: layer_5_k_activation_input3
特殊程度分数: 23.225890

统计信息:
mean: 0.031263
std: 1.427112
min: -15.358911
max: 16.135000
range: 31.493912
skewness: 0.241666
kurtosis: 21.552983
q1: -0.510931
q3: 0.551560
iqr: 1.062491
zero_ratio: 0.000000
extreme_ratio: 0.015186
gini_like: 0.563765
