激活值: layer_11_input_ln_output_input2
特殊程度分数: 304.352294

统计信息:
mean: 0.006142
std: 0.409869
min: -23.848913
max: 13.521594
range: 37.370506
skewness: 0.002527
kurtosis: 303.225917
q1: -0.170752
q3: 0.176244
iqr: 0.346996
zero_ratio: 0.000061
extreme_ratio: 0.004379
gini_like: 0.518086
