激活值: layer_0_post_attn_ln_input_input0
特殊程度分数: 167.824670

统计信息:
mean: 0.000266
std: 0.023530
min: -0.553828
max: 0.788668
range: 1.342495
skewness: 5.260248
kurtosis: 161.492591
q1: -0.011166
q3: 0.011214
iqr: 0.022381
zero_ratio: 0.000019
extreme_ratio: 0.006761
gini_like: 0.468293
