激活值: layer_5_ffn_gate_activation_input2
特殊程度分数: 3.743663

统计信息:
mean: -0.126998
std: 0.272388
min: -2.587370
max: 2.148545
range: 4.735915
skewness: -0.262735
kurtosis: 1.990852
q1: -0.285087
q3: 0.036389
iqr: 0.321477
zero_ratio: 0.000006
extreme_ratio: 0.029479
gini_like: 0.450248
