激活值: layer_10_q_activation_input0
特殊程度分数: 25.000749

统计信息:
mean: -0.007846
std: 1.157438
min: -11.506372
max: 11.261392
range: 22.767765
skewness: 0.401477
kurtosis: 23.222502
q1: -0.445912
q3: 0.423393
iqr: 0.869305
zero_ratio: 0.000000
extreme_ratio: 0.014930
gini_like: 0.539084
