激活值: layer_5_k_activation_input6
特殊程度分数: 23.058264

统计信息:
mean: 0.021717
std: 1.407944
min: -15.298851
max: 15.679102
range: 30.977953
skewness: 0.294655
kurtosis: 21.325460
q1: -0.524462
q3: 0.532234
iqr: 1.056696
zero_ratio: 0.000000
extreme_ratio: 0.015485
gini_like: 0.564220
