激活值: layer_22_ffn_gate_activation_input3
特殊程度分数: 3.901452

统计信息:
mean: -0.239516
std: 0.565330
min: -4.048191
max: 6.997595
range: 11.045786
skewness: 0.037537
kurtosis: 2.447069
q1: -0.589957
q3: 0.079757
iqr: 0.669714
zero_ratio: 0.000000
extreme_ratio: 0.024110
gini_like: 0.467326
