激活值: layer_1_input_ln_input_input8
特殊程度分数: 711.192038

统计信息:
mean: 0.000652
std: 0.041375
min: -0.802136
max: 2.384566
range: 3.186702
skewness: 15.836226
kurtosis: 694.177159
q1: -0.014908
q3: 0.015028
iqr: 0.029936
zero_ratio: 0.000031
extreme_ratio: 0.008820
gini_like: 0.501108
