激活值: layer_27_ffn_up_activation_input7
特殊程度分数: 3.106470

统计信息:
mean: 0.001505
std: 0.529712
min: -4.188680
max: 4.619781
range: 8.808462
skewness: -0.012223
kurtosis: 1.927777
q1: -0.289694
q3: 0.294809
iqr: 0.584503
zero_ratio: 0.000007
extreme_ratio: 0.010363
gini_like: 0.479599
