激活值: layer_7_mlp_output_input9
特殊程度分数: 7.322818

统计信息:
mean: 0.000947
std: 0.087011
min: -0.970306
max: 1.577853
range: 2.548160
skewness: 0.300371
kurtosis: 5.991158
q1: -0.050342
q3: 0.052783
iqr: 0.103125
zero_ratio: 0.000014
extreme_ratio: 0.004926
gini_like: 0.466375
