激活值: layer_7_input_ln_output_input1
特殊程度分数: 78.575081

统计信息:
mean: 0.000951
std: 0.361938
min: -8.802737
max: 9.335308
range: 18.138046
skewness: 0.748823
kurtosis: 76.668788
q1: -0.165579
q3: 0.160872
iqr: 0.326451
zero_ratio: 0.000000
extreme_ratio: 0.005824
gini_like: 0.520490
