激活值: layer_12_post_attn_ln_output_input9
特殊程度分数: 23.304355

统计信息:
mean: 0.000397
std: 0.224520
min: -5.666668
max: 4.022561
range: 9.689228
skewness: 0.087454
kurtosis: 22.135603
q1: -0.126544
q3: 0.126195
iqr: 0.252739
zero_ratio: 0.000000
extreme_ratio: 0.005227
gini_like: 0.488374
