激活值: layer_7_q_activation_input2
特殊程度分数: 18.591111

统计信息:
mean: -0.013605
std: 1.239836
min: -11.697552
max: 10.728115
range: 22.425667
skewness: -0.215538
kurtosis: 16.899483
q1: -0.458931
q3: 0.454901
iqr: 0.913831
zero_ratio: 0.000000
extreme_ratio: 0.018875
gini_like: 0.549293
