激活值: layer_18_self_attn_output_input4
特殊程度分数: 5.272360

统计信息:
mean: -0.001122
std: 0.113143
min: -0.662618
max: 2.240628
range: 2.903245
skewness: 0.148392
kurtosis: 4.060530
q1: -0.065628
q3: 0.064483
iqr: 0.130111
zero_ratio: 0.000000
extreme_ratio: 0.007536
gini_like: 0.456361
