激活值: layer_13_q_activation_input2
特殊程度分数: 25.865401

统计信息:
mean: 0.024697
std: 1.210384
min: -11.195721
max: 12.716553
range: 23.912273
skewness: 0.957429
kurtosis: 23.527664
q1: -0.433182
q3: 0.456144
iqr: 0.889326
zero_ratio: 0.000000
extreme_ratio: 0.014694
gini_like: 0.543212
