激活值: layer_30_input_ln_input_input8
特殊程度分数: 30581.661403

统计信息:
mean: 0.033794
std: 12.162542
min: -1467.194336
max: 2489.028564
range: 3956.222900
skewness: 108.682181
kurtosis: 30471.998157
q1: -1.048612
q3: 1.061805
iqr: 2.110417
zero_ratio: 0.000000
extreme_ratio: 0.000336
gini_like: 0.487175
