激活值: layer_3_input_ln_output_input5
特殊程度分数: 70.015200

统计信息:
mean: 0.002435
std: 0.286601
min: -5.493649
max: 5.653802
range: 11.147451
skewness: 0.854827
kurtosis: 67.984284
q1: -0.122690
q3: 0.125176
iqr: 0.247866
zero_ratio: 0.000052
extreme_ratio: 0.006051
gini_like: 0.527494
