激活值: layer_20_input_ln_output_input4
特殊程度分数: 33.189722

统计信息:
mean: -0.001511
std: 0.427489
min: -7.926806
max: 9.793278
range: 17.720085
skewness: 0.284099
kurtosis: 31.802474
q1: -0.230024
q3: 0.223937
iqr: 0.453961
zero_ratio: 0.000000
extreme_ratio: 0.004980
gini_like: 0.501770
