激活值: layer_8_q_activation_input0
特殊程度分数: 21.418501

统计信息:
mean: 0.010447
std: 1.205973
min: -11.442613
max: 11.006945
range: 22.449558
skewness: 0.150992
kurtosis: 19.819596
q1: -0.439033
q3: 0.449179
iqr: 0.888211
zero_ratio: 0.000000
extreme_ratio: 0.017672
gini_like: 0.547236
