激活值: layer_30_ffn_up_activation_input2
特殊程度分数: 189.648258

统计信息:
mean: -0.005712
std: 0.836748
min: -40.514359
max: 34.191639
range: 74.705994
skewness: -3.863668
kurtosis: 184.356399
q1: -0.330884
q3: 0.330222
iqr: 0.661106
zero_ratio: 0.000000
extreme_ratio: 0.017686
gini_like: 0.537236
