激活值: layer_30_mlp_output_input6
特殊程度分数: 30119.115152

统计信息:
mean: -0.019979
std: 11.910848
min: -2351.450928
max: 1402.935913
range: 3754.386719
skewness: -107.762517
kurtosis: 30010.235497
q1: -0.395300
q3: 0.391704
iqr: 0.787004
zero_ratio: 0.000000
extreme_ratio: 0.000174
gini_like: 0.556825
