激活值: layer_28_ffn_up_activation_input5
特殊程度分数: 8.493253

统计信息:
mean: -0.002834
std: 0.571494
min: -9.410028
max: 5.145326
range: 14.555355
skewness: -0.257536
kurtosis: 6.938020
q1: -0.289703
q3: 0.286630
iqr: 0.576332
zero_ratio: 0.000000
extreme_ratio: 0.015262
gini_like: 0.496232
