激活值: layer_8_mlp_output_input6
特殊程度分数: 16.114900

统计信息:
mean: 0.000229
std: 0.087961
min: -0.632878
max: 2.286050
range: 2.918928
skewness: 0.629267
kurtosis: 14.432779
q1: -0.050773
q3: 0.050440
iqr: 0.101213
zero_ratio: 0.000000
extreme_ratio: 0.005266
gini_like: 0.473762
