激活值: layer_11_ffn_down_activation_input7
特殊程度分数: 5.290896

统计信息:
mean: 0.000956
std: 0.100238
min: -1.340627
max: 1.659176
range: 2.999802
skewness: 0.172994
kurtosis: 4.040246
q1: -0.054953
q3: 0.056555
iqr: 0.111508
zero_ratio: 0.000038
extreme_ratio: 0.006104
gini_like: 0.477764
