激活值: layer_21_k_activation_input5
特殊程度分数: 23.199641

统计信息:
mean: 0.013710
std: 1.354898
min: -12.853351
max: 14.950912
range: 27.804262
skewness: 0.447484
kurtosis: 21.247215
q1: -0.472299
q3: 0.481114
iqr: 0.953413
zero_ratio: 0.000000
extreme_ratio: 0.017421
gini_like: 0.578259
