激活值: layer_2_v_activation_input6
特殊程度分数: 5.302388

统计信息:
mean: 0.002403
std: 0.182795
min: -1.379720
max: 1.992041
range: 3.371761
skewness: 0.141538
kurtosis: 3.887663
q1: -0.092931
q3: 0.096871
iqr: 0.189803
zero_ratio: 0.000105
extreme_ratio: 0.011649
gini_like: 0.520026
