激活值: layer_7_mlp_output_input4
特殊程度分数: 6.622279

统计信息:
mean: 0.001169
std: 0.082080
min: -1.167425
max: 1.609037
range: 2.776463
skewness: 0.131643
kurtosis: 5.442511
q1: -0.045852
q3: 0.049127
iqr: 0.094979
zero_ratio: 0.000000
extreme_ratio: 0.005306
gini_like: 0.471002
