激活值: layer_5_mlp_output_input3
特殊程度分数: 3.635572

统计信息:
mean: 0.000314
std: 0.061483
min: -0.950441
max: 0.675112
range: 1.625552
skewness: -0.023591
kurtosis: 2.597542
q1: -0.036156
q3: 0.036639
iqr: 0.072795
zero_ratio: 0.000033
extreme_ratio: 0.004753
gini_like: 0.459669
