激活值: layer_4_ffn_gate_activation_input6
特殊程度分数: 7.216617

统计信息:
mean: -0.110324
std: 0.261494
min: -3.163599
max: 4.758106
range: 7.921705
skewness: -0.349273
kurtosis: 5.459466
q1: -0.259989
q3: 0.042847
iqr: 0.302836
zero_ratio: 0.000006
extreme_ratio: 0.024352
gini_like: 0.460409
