激活值: layer_11_post_attn_ln_input_input2
特殊程度分数: 32039.533375

统计信息:
mean: 0.018441
std: 12.128759
min: -1480.833740
max: 2511.375732
range: 3992.209473
skewness: 112.351390
kurtosis: 31925.865661
q1: -0.175136
q3: 0.178537
iqr: 0.353673
zero_ratio: 0.000015
extreme_ratio: 0.000214
gini_like: 0.656014
