激活值: layer_11_o_activation_input9
特殊程度分数: 30.066246

统计信息:
mean: -0.000203
std: 0.062250
min: -1.828180
max: 1.313605
range: 3.141785
skewness: -0.959789
kurtosis: 28.068676
q1: -0.035997
q3: 0.036040
iqr: 0.072037
zero_ratio: 0.000029
extreme_ratio: 0.006965
gini_like: 0.449217
