激活值: layer_15_input_ln_output_input5
特殊程度分数: 146.871951

统计信息:
mean: 0.004999
std: 0.417947
min: -10.563037
max: 13.206837
range: 23.769875
skewness: 2.392375
kurtosis: 143.345490
q1: -0.179393
q3: 0.182649
iqr: 0.362042
zero_ratio: 0.000035
extreme_ratio: 0.004691
gini_like: 0.520107
