激活值: layer_9_input_ln_output_input5
特殊程度分数: 102.516038

统计信息:
mean: 0.005305
std: 0.366130
min: -8.864048
max: 9.517138
range: 18.381187
skewness: 1.324105
kurtosis: 100.050099
q1: -0.159463
q3: 0.166233
iqr: 0.325696
zero_ratio: 0.000052
extreme_ratio: 0.004987
gini_like: 0.521003
