激活值: layer_1_ffn_down_activation_input3
特殊程度分数: 29898.173574

统计信息:
mean: 0.015840
std: 12.224642
min: -1444.633301
max: 2447.225342
range: 3891.858643
skewness: 108.341569
kurtosis: 29787.981748
q1: -0.015692
q3: 0.015421
iqr: 0.031114
zero_ratio: 0.000049
extreme_ratio: 0.000212
gini_like: 0.922976
