激活值: layer_31_q_activation_input3
特殊程度分数: 17.272998

统计信息:
mean: 0.017950
std: 1.311788
min: -17.777767
max: 21.708788
range: 39.486557
skewness: 0.130383
kurtosis: 15.789380
q1: -0.558951
q3: 0.582884
iqr: 1.141835
zero_ratio: 0.000000
extreme_ratio: 0.016862
gini_like: 0.507998
