激活值: layer_9_input_ln_input_input4
特殊程度分数: 29976.597511

统计信息:
mean: 0.017197
std: 12.444459
min: -1470.257935
max: 2493.316895
range: 3963.574707
skewness: 108.660882
kurtosis: 29866.562580
q1: -0.152487
q3: 0.152682
iqr: 0.305168
zero_ratio: 0.000000
extreme_ratio: 0.000195
gini_like: 0.685071
