激活值: layer_15_mlp_output_input4
特殊程度分数: 21.535884

统计信息:
mean: 0.000825
std: 0.166599
min: -1.118859
max: 4.896928
range: 6.015787
skewness: 0.812026
kurtosis: 19.666614
q1: -0.094949
q3: 0.096318
iqr: 0.191267
zero_ratio: 0.000000
extreme_ratio: 0.005713
gini_like: 0.471493
