激活值: layer_12_q_activation_input9
特殊程度分数: 23.581903

统计信息:
mean: -0.003117
std: 1.223172
min: -11.590464
max: 13.164309
range: 24.754772
skewness: -0.042532
kurtosis: 22.159162
q1: -0.466628
q3: 0.470966
iqr: 0.937595
zero_ratio: 0.000000
extreme_ratio: 0.015395
gini_like: 0.536152
