激活值: layer_29_q_activation_input5
特殊程度分数: 25.973522

统计信息:
mean: -0.003905
std: 1.234495
min: -13.222836
max: 11.019322
range: 24.242157
skewness: -0.805555
kurtosis: 23.835051
q1: -0.480810
q3: 0.490626
iqr: 0.971436
zero_ratio: 0.000000
extreme_ratio: 0.014038
gini_like: 0.526077
