激活值: layer_2_o_activation_input4
特殊程度分数: 38.623213

统计信息:
mean: -0.000127
std: 0.026971
min: -0.710894
max: 0.639180
range: 1.350074
skewness: 0.354019
kurtosis: 36.868366
q1: -0.011217
q3: 0.010894
iqr: 0.022111
zero_ratio: 0.000033
extreme_ratio: 0.017660
gini_like: 0.523794
