激活值: layer_1_mlp_output_input1
特殊程度分数: 27996.091920

统计信息:
mean: 0.017362
std: 12.745640
min: -1456.429810
max: 2467.265869
range: 3923.695801
skewness: 104.848114
kurtosis: 27889.388835
q1: -0.015230
q3: 0.015215
iqr: 0.030445
zero_ratio: 0.000000
extreme_ratio: 0.000209
gini_like: 0.925393
