激活值: layer_8_input_ln_output_input7
特殊程度分数: 73.050080

统计信息:
mean: 0.007856
std: 0.355681
min: -7.807877
max: 7.921181
range: 15.729058
skewness: 1.138023
kurtosis: 70.759925
q1: -0.154252
q3: 0.168709
iqr: 0.322961
zero_ratio: 0.000038
extreme_ratio: 0.005127
gini_like: 0.524768
