激活值: layer_26_ffn_gate_activation_input3
特殊程度分数: 5.109848

统计信息:
mean: -0.231007
std: 0.639874
min: -5.132600
max: 6.251198
range: 11.383799
skewness: -0.536273
kurtosis: 3.134927
q1: -0.579260
q3: 0.111059
iqr: 0.690318
zero_ratio: 0.000000
extreme_ratio: 0.023722
gini_like: 0.482102
