激活值: layer_6_post_attn_ln_input_input4
特殊程度分数: 29972.677868

统计信息:
mean: 0.015455
std: 12.442341
min: -1470.238037
max: 2492.749268
range: 3962.987305
skewness: 108.620974
kurtosis: 29862.581780
q1: -0.112683
q3: 0.108775
iqr: 0.221458
zero_ratio: 0.000016
extreme_ratio: 0.000228
gini_like: 0.735266
