激活值: layer_0_self_attn_output_input3
特殊程度分数: 347.883752

统计信息:
mean: 0.000349
std: 0.019346
min: -0.590204
max: 0.788946
range: 1.379150
skewness: 8.643812
kurtosis: 337.996643
q1: -0.006012
q3: 0.006182
iqr: 0.012193
zero_ratio: 0.000016
extreme_ratio: 0.009098
gini_like: 0.530653
