激活值: layer_13_input_ln_input_input8
特殊程度分数: 32106.920378

统计信息:
mean: 0.020484
std: 12.191177
min: -1489.231567
max: 2525.856201
range: 4015.087891
skewness: 112.496574
kurtosis: 31993.140477
q1: -0.195704
q3: 0.199281
iqr: 0.394985
zero_ratio: 0.000000
extreme_ratio: 0.000214
gini_like: 0.639528
