激活值: layer_30_mlp_output_input4
特殊程度分数: 32125.464249

统计信息:
mean: -0.016243
std: 11.338577
min: -2314.249023
max: 1380.920044
range: 3695.168945
skewness: -111.238598
kurtosis: 32013.121079
q1: -0.386372
q3: 0.386593
iqr: 0.772966
zero_ratio: 0.000016
extreme_ratio: 0.000163
gini_like: 0.550646
