激活值: layer_27_input_ln_output_input5
特殊程度分数: 21.436220

统计信息:
mean: 0.003400
std: 0.462626
min: -7.366083
max: 7.097317
range: 14.463400
skewness: 0.331052
kurtosis: 19.972291
q1: -0.239956
q3: 0.241554
iqr: 0.481510
zero_ratio: 0.000000
extreme_ratio: 0.005650
gini_like: 0.509937
