激活值: layer_1_ffn_down_activation_input2
特殊程度分数: 32134.513257

统计信息:
mean: 0.015238
std: 12.046365
min: -1473.293701
max: 2496.247070
range: 3969.540771
skewness: 112.390031
kurtosis: 32020.274291
q1: -0.015450
q3: 0.015437
iqr: 0.030887
zero_ratio: 0.000061
extreme_ratio: 0.000198
gini_like: 0.922438
