激活值: layer_9_ffn_gate_activation_input4
特殊程度分数: 3.580473

统计信息:
mean: -0.158429
std: 0.358144
min: -3.418008
max: 3.719937
range: 7.137946
skewness: -0.182875
kurtosis: 1.924258
q1: -0.368172
q3: 0.053363
iqr: 0.421535
zero_ratio: 0.000000
extreme_ratio: 0.027780
gini_like: 0.458872
