激活值: layer_9_ffn_gate_activation_input9
特殊程度分数: 3.303335

统计信息:
mean: -0.172032
std: 0.369039
min: -3.316346
max: 2.627222
range: 5.943568
skewness: -0.185901
kurtosis: 1.608180
q1: -0.390578
q3: 0.048111
iqr: 0.438689
zero_ratio: 0.000005
extreme_ratio: 0.029845
gini_like: 0.456177
