激活值: layer_10_v_activation_input6
特殊程度分数: 2.410521

统计信息:
mean: -0.002146
std: 0.337462
min: -1.876560
max: 2.049870
range: 3.926430
skewness: -0.007625
kurtosis: 1.235013
q1: -0.189503
q3: 0.185463
iqr: 0.374965
zero_ratio: 0.000000
extreme_ratio: 0.008493
gini_like: 0.499015
