激活值: layer_28_input_ln_output_input9
特殊程度分数: 12.203890

统计信息:
mean: -0.001811
std: 0.492919
min: -7.129811
max: 8.349681
range: 15.479492
skewness: 0.183796
kurtosis: 10.927968
q1: -0.283569
q3: 0.277503
iqr: 0.561072
zero_ratio: 0.000000
extreme_ratio: 0.005816
gini_like: 0.487900
