激活值: layer_21_ffn_gate_activation_input0
特殊程度分数: 3.045942

统计信息:
mean: -0.149246
std: 0.484643
min: -3.998576
max: 4.612443
range: 8.611019
skewness: -0.160806
kurtosis: 1.595073
q1: -0.442901
q3: 0.117576
iqr: 0.560478
zero_ratio: 0.000000
extreme_ratio: 0.017281
gini_like: 0.472220
