激活值: layer_14_ffn_down_activation_input1
特殊程度分数: 4.827863

统计信息:
mean: 0.000282
std: 0.134020
min: -0.701100
max: 2.345607
range: 3.046706
skewness: 0.221511
kurtosis: 3.541086
q1: -0.077335
q3: 0.076911
iqr: 0.154246
zero_ratio: 0.000000
extreme_ratio: 0.005389
gini_like: 0.478748
