激活值: layer_7_input_ln_output_input6
特殊程度分数: 64.947331

统计信息:
mean: 0.001318
std: 0.358033
min: -6.724246
max: 8.394352
range: 15.118598
skewness: 1.487344
kurtosis: 62.296350
q1: -0.167327
q3: 0.161323
iqr: 0.328649
zero_ratio: 0.000000
extreme_ratio: 0.006208
gini_like: 0.519737
