激活值: layer_29_v_activation_input8
特殊程度分数: 3.757860

统计信息:
mean: -0.004259
std: 0.600887
min: -5.127185
max: 6.887675
range: 12.014860
skewness: 0.111522
kurtosis: 2.487139
q1: -0.344092
q3: 0.333100
iqr: 0.677192
zero_ratio: 0.000000
extreme_ratio: 0.008453
gini_like: 0.495066
