激活值: layer_11_q_activation_input9
特殊程度分数: 19.997475

统计信息:
mean: -0.002742
std: 1.207864
min: -11.046036
max: 10.638658
range: 21.684692
skewness: 0.299900
kurtosis: 18.274947
q1: -0.473863
q3: 0.456807
iqr: 0.930670
zero_ratio: 0.000000
extreme_ratio: 0.017664
gini_like: 0.534671
