激活值: layer_3_v_activation_input7
特殊程度分数: 3.601489

统计信息:
mean: -0.001513
std: 0.245148
min: -1.947806
max: 1.879249
range: 3.827055
skewness: -0.052540
kurtosis: 2.312139
q1: -0.132031
q3: 0.128837
iqr: 0.260868
zero_ratio: 0.000000
extreme_ratio: 0.009897
gini_like: 0.519434
