激活值: layer_15_ffn_down_activation_input7
特殊程度分数: 25.870248

统计信息:
mean: 0.002376
std: 0.146099
min: -1.093208
max: 4.012911
range: 5.106119
skewness: 1.069305
kurtosis: 23.754962
q1: -0.079601
q3: 0.083659
iqr: 0.163260
zero_ratio: 0.000000
extreme_ratio: 0.004789
gini_like: 0.475101
