激活值: layer_3_v_activation_input9
特殊程度分数: 3.336198

统计信息:
mean: -0.001032
std: 0.255702
min: -1.969665
max: 2.055191
range: 4.024856
skewness: -0.015701
kurtosis: 2.116889
q1: -0.141881
q3: 0.140753
iqr: 0.282634
zero_ratio: 0.000029
extreme_ratio: 0.010024
gini_like: 0.501541
