激活值: layer_11_input_ln_output_input8
特殊程度分数: 149.832022

统计信息:
mean: 0.008110
std: 0.414462
min: -11.201218
max: 12.979846
range: 24.181065
skewness: 3.001247
kurtosis: 145.709297
q1: -0.178177
q3: 0.186818
iqr: 0.364995
zero_ratio: 0.000031
extreme_ratio: 0.004807
gini_like: 0.512651
