激活值: layer_11_mlp_output_input5
特殊程度分数: 12.053985

统计信息:
mean: 0.001217
std: 0.100144
min: -0.455153
max: 2.308753
range: 2.763906
skewness: 0.494070
kurtosis: 10.519272
q1: -0.055957
q3: 0.059019
iqr: 0.114976
zero_ratio: 0.000017
extreme_ratio: 0.005110
gini_like: 0.469213
