激活值: layer_1_ffn_up_activation_input9
特殊程度分数: 20597.172701

统计信息:
mean: 0.000379
std: 0.150288
min: -8.783227
max: 36.569412
range: 45.352638
skewness: 87.209067
kurtosis: 20509.033431
q1: -0.064055
q3: 0.064789
iqr: 0.128844
zero_ratio: 0.000011
extreme_ratio: 0.002020
gini_like: 0.444894
