激活值: layer_7_v_activation_input4
特殊程度分数: 3.604694

统计信息:
mean: 0.000394
std: 0.329896
min: -2.262803
max: 3.327321
range: 5.590125
skewness: 0.059716
kurtosis: 2.334160
q1: -0.178701
q3: 0.179700
iqr: 0.358401
zero_ratio: 0.000033
extreme_ratio: 0.009896
gini_like: 0.506426
