激活值: layer_19_self_attn_output_input9
特殊程度分数: 23.732873

统计信息:
mean: 0.001903
std: 0.100644
min: -0.718691
max: 2.395331
range: 3.114022
skewness: 1.013234
kurtosis: 21.618330
q1: -0.054341
q3: 0.058047
iqr: 0.112388
zero_ratio: 0.000000
extreme_ratio: 0.009119
gini_like: 0.459461
