激活值: layer_11_input_ln_output_input5
特殊程度分数: 151.590715

统计信息:
mean: 0.005034
std: 0.413173
min: -9.478922
max: 13.424357
range: 22.903278
skewness: 2.463407
kurtosis: 147.990155
q1: -0.177745
q3: 0.181525
iqr: 0.359270
zero_ratio: 0.000017
extreme_ratio: 0.004918
gini_like: 0.519387
