激活值: layer_30_post_attn_ln_output_input1
特殊程度分数: 168.948938

统计信息:
mean: -0.000484
std: 0.380872
min: -11.596700
max: 16.884258
range: 28.480957
skewness: 2.172473
kurtosis: 165.687615
q1: -0.207954
q3: 0.203030
iqr: 0.410984
zero_ratio: 0.000017
extreme_ratio: 0.004865
gini_like: 0.495758
