激活值: layer_0_ffn_up_activation_input9
特殊程度分数: 16.882152

统计信息:
mean: -0.000253
std: 0.075233
min: -1.232725
max: 1.504101
range: 2.736826
skewness: 0.421170
kurtosis: 15.295746
q1: -0.040626
q3: 0.040037
iqr: 0.080663
zero_ratio: 0.000011
extreme_ratio: 0.011703
gini_like: 0.465582
