激活值: layer_5_o_activation_input4
特殊程度分数: 17.895253

统计信息:
mean: 0.000157
std: 0.045089
min: -0.412336
max: 1.114847
range: 1.527183
skewness: 0.772324
kurtosis: 16.081575
q1: -0.026432
q3: 0.026261
iqr: 0.052693
zero_ratio: 0.000049
extreme_ratio: 0.007340
gini_like: 0.447235
