激活值: layer_21_ffn_down_activation_input2
特殊程度分数: 5.134242

统计信息:
mean: -0.001254
std: 0.241778
min: -1.857122
max: 3.876501
range: 5.733623
skewness: 0.181560
kurtosis: 3.752263
q1: -0.125603
q3: 0.121345
iqr: 0.246948
zero_ratio: 0.000000
extreme_ratio: 0.008667
gini_like: 0.513540
