激活值: layer_16_k_activation_input2
特殊程度分数: 23.033359

统计信息:
mean: -0.013471
std: 1.461221
min: -14.440267
max: 14.321850
range: 28.762115
skewness: 0.189329
kurtosis: 21.329308
q1: -0.495350
q3: 0.466784
iqr: 0.962134
zero_ratio: 0.000015
extreme_ratio: 0.016785
gini_like: 0.589503
