激活值: layer_14_post_attn_ln_input_input8
特殊程度分数: 32093.887918

统计信息:
mean: 0.021728
std: 12.195630
min: -1489.645020
max: 2526.499023
range: 4016.144043
skewness: 112.467075
kurtosis: 31980.174799
q1: -0.220493
q3: 0.226924
iqr: 0.447418
zero_ratio: 0.000000
extreme_ratio: 0.000183
gini_like: 0.621191
