激活值: layer_4_v_activation_input9
特殊程度分数: 3.403316

统计信息:
mean: 0.002313
std: 0.250583
min: -2.008694
max: 2.595336
range: 4.604030
skewness: 0.025586
kurtosis: 2.221292
q1: -0.139860
q3: 0.145661
iqr: 0.285521
zero_ratio: 0.000014
extreme_ratio: 0.008473
gini_like: 0.493477
