激活值: layer_21_ffn_gate_activation_input2
特殊程度分数: 3.981900

统计信息:
mean: -0.175092
std: 0.478642
min: -4.735978
max: 4.853108
range: 9.589087
skewness: -0.061130
kurtosis: 2.523049
q1: -0.454422
q3: 0.082529
iqr: 0.536951
zero_ratio: 0.000000
extreme_ratio: 0.022052
gini_like: 0.478339
