激活值: layer_18_v_activation_input4
特殊程度分数: 2.764961

统计信息:
mean: -0.004089
std: 0.478654
min: -3.481863
max: 3.125184
range: 6.607046
skewness: -0.065732
kurtosis: 1.542457
q1: -0.273034
q3: 0.269914
iqr: 0.542947
zero_ratio: 0.000016
extreme_ratio: 0.007910
gini_like: 0.499272
