激活值: layer_1_post_attn_ln_input_input7
特殊程度分数: 34.295652

统计信息:
mean: 0.000791
std: 0.040404
min: -0.646088
max: 1.003150
range: 1.649238
skewness: 0.992484
kurtosis: 32.023387
q1: -0.018377
q3: 0.019741
iqr: 0.038118
zero_ratio: 0.000038
extreme_ratio: 0.015400
gini_like: 0.485866
