激活值: layer_4_post_attn_ln_output_input6
特殊程度分数: 241.036071

统计信息:
mean: 0.001697
std: 0.157211
min: -5.869580
max: 7.398770
range: 13.268351
skewness: 1.936519
kurtosis: 238.010601
q1: -0.082458
q3: 0.084898
iqr: 0.167356
zero_ratio: 0.000000
extreme_ratio: 0.004447
gini_like: 0.500007
