激活值: layer_3_post_attn_ln_output_input1
特殊程度分数: 36.398326

统计信息:
mean: 0.001010
std: 0.121485
min: -3.477399
max: 2.854750
range: 6.332149
skewness: -0.350170
kurtosis: 34.932025
q1: -0.067462
q3: 0.069000
iqr: 0.136462
zero_ratio: 0.000035
extreme_ratio: 0.005964
gini_like: 0.498399
