激活值: layer_16_self_attn_output_input9
特殊程度分数: 55.958443

统计信息:
mean: -0.002790
std: 0.139082
min: -4.873329
max: 1.156870
range: 6.030198
skewness: -1.905289
kurtosis: 52.941522
q1: -0.074870
q3: 0.071297
iqr: 0.146166
zero_ratio: 0.000014
extreme_ratio: 0.008387
gini_like: 0.471936
