激活值: layer_19_mlp_output_input3
特殊程度分数: 17.094254

统计信息:
mean: 0.003436
std: 0.262105
min: -3.493982
max: 4.846612
range: 8.340595
skewness: 0.803354
kurtosis: 15.327835
q1: -0.158872
q3: 0.163081
iqr: 0.321952
zero_ratio: 0.000000
extreme_ratio: 0.004867
gini_like: 0.432867
