激活值: layer_7_o_activation_input3
特殊程度分数: 18.247913

统计信息:
mean: -0.000144
std: 0.056672
min: -0.706514
max: 1.343961
range: 2.050474
skewness: 0.632915
kurtosis: 16.453114
q1: -0.031402
q3: 0.030922
iqr: 0.062324
zero_ratio: 0.000033
extreme_ratio: 0.011963
gini_like: 0.461289
