激活值: layer_29_ffn_up_activation_input5
特殊程度分数: 14.305401

统计信息:
mean: -0.001622
std: 0.642384
min: -15.975072
max: 9.486425
range: 25.461498
skewness: -0.493408
kurtosis: 12.416659
q1: -0.308003
q3: 0.307938
iqr: 0.615941
zero_ratio: 0.000000
extreme_ratio: 0.018902
gini_like: 0.508649
