激活值: layer_30_post_attn_ln_input_input8
特殊程度分数: 30427.480773

统计信息:
mean: 0.036212
std: 12.143931
min: -1465.417969
max: 2481.556152
range: 3946.974121
skewness: 108.079594
kurtosis: 30318.420699
q1: -1.066046
q3: 1.081959
iqr: 2.148005
zero_ratio: 0.000000
extreme_ratio: 0.000336
gini_like: 0.486883
