激活值: layer_25_ffn_down_activation_input7
特殊程度分数: 5.867561

统计信息:
mean: -0.000860
std: 0.272994
min: -3.438725
max: 5.180756
range: 8.619480
skewness: 0.143367
kurtosis: 4.600629
q1: -0.150982
q3: 0.150042
iqr: 0.301024
zero_ratio: 0.000000
extreme_ratio: 0.007174
gini_like: 0.490043
