激活值: layer_7_ffn_down_activation_input8
特殊程度分数: 23.170730

统计信息:
mean: 0.000765
std: 0.080400
min: -0.513091
max: 2.595678
range: 3.108769
skewness: 0.796393
kurtosis: 21.327752
q1: -0.045736
q3: 0.047132
iqr: 0.092868
zero_ratio: 0.000000
extreme_ratio: 0.005478
gini_like: 0.468514
