激活值: layer_4_ffn_up_activation_input9
特殊程度分数: 2.804174

统计信息:
mean: 0.000429
std: 0.197833
min: -2.541059
max: 2.420871
range: 4.961930
skewness: -0.018549
kurtosis: 1.748260
q1: -0.118943
q3: 0.119489
iqr: 0.238432
zero_ratio: 0.000027
extreme_ratio: 0.007241
gini_like: 0.446256
