激活值: layer_1_input_ln_output_input7
特殊程度分数: 1220.255518

统计信息:
mean: 0.001716
std: 0.140694
min: -2.467024
max: 8.184701
range: 10.651726
skewness: 24.231355
kurtosis: 1194.667662
q1: -0.026537
q3: 0.027478
iqr: 0.054015
zero_ratio: 0.000038
extreme_ratio: 0.008996
gini_like: 0.588266
