激活值: layer_31_self_attn_output_input1
特殊程度分数: 19418.255549

统计信息:
mean: -0.006700
std: 1.346497
min: -236.650421
max: 126.711830
range: 363.362244
skewness: -92.227136
kurtosis: 19324.957957
q1: -0.180439
q3: 0.172636
iqr: 0.353076
zero_ratio: 0.000000
extreme_ratio: 0.000628
gini_like: 0.528950
