激活值: layer_2_ffn_down_activation_input6
特殊程度分数: 2763.752851

统计信息:
mean: -0.000045
std: 0.045492
min: -2.746277
max: 4.299162
range: 7.045439
skewness: 18.965899
kurtosis: 2743.821936
q1: -0.019908
q3: 0.019758
iqr: 0.039667
zero_ratio: 0.000017
extreme_ratio: 0.002511
gini_like: 0.457383
