激活值: layer_12_ffn_gate_activation_input7
特殊程度分数: 4.324781

统计信息:
mean: -0.151448
std: 0.366086
min: -3.751107
max: 4.204811
range: 7.955918
skewness: -0.249204
kurtosis: 2.594926
q1: -0.360181
q3: 0.057960
iqr: 0.418141
zero_ratio: 0.000007
extreme_ratio: 0.026827
gini_like: 0.472054
