激活值: layer_8_q_activation_input9
特殊程度分数: 19.605712

统计信息:
mean: 0.014965
std: 1.225147
min: -11.243142
max: 11.024435
range: 22.267578
skewness: 0.189837
kurtosis: 17.970692
q1: -0.460312
q3: 0.470525
iqr: 0.930837
zero_ratio: 0.000000
extreme_ratio: 0.018224
gini_like: 0.540348
