激活值: layer_10_ffn_down_activation_input5
特殊程度分数: 40.029513

统计信息:
mean: -0.000129
std: 0.096384
min: -1.334368
max: 3.561260
range: 4.895628
skewness: 1.055219
kurtosis: 37.906697
q1: -0.053921
q3: 0.054305
iqr: 0.108227
zero_ratio: 0.000000
extreme_ratio: 0.006208
gini_like: 0.471717
