激活值: layer_25_ffn_gate_activation_input9
特殊程度分数: 3.732114

统计信息:
mean: -0.258812
std: 0.573090
min: -4.419557
max: 4.268617
range: 8.688173
skewness: -0.161306
kurtosis: 2.105749
q1: -0.604034
q3: 0.064874
iqr: 0.668908
zero_ratio: 0.000000
extreme_ratio: 0.026890
gini_like: 0.463634
