激活值: layer_31_input_ln_output_input0
特殊程度分数: 27.210031

统计信息:
mean: -0.000015
std: 0.418683
min: -6.072240
max: 11.541440
range: 17.613680
skewness: 0.767945
kurtosis: 25.410124
q1: -0.244774
q3: 0.244476
iqr: 0.489250
zero_ratio: 0.000000
extreme_ratio: 0.004939
gini_like: 0.466589
