激活值: layer_0_ffn_gate_activation_input9
特殊程度分数: 73.522404

统计信息:
mean: -0.015315
std: 0.095970
min: -2.407971
max: 2.608256
range: 5.016227
skewness: -1.963208
kurtosis: 70.386315
q1: -0.060305
q3: 0.030503
iqr: 0.090808
zero_ratio: 0.000000
extreme_ratio: 0.011879
gini_like: 0.467650
