激活值: layer_29_mlp_output_input0
特殊程度分数: 367.244541

统计信息:
mean: -0.003331
std: 0.638809
min: -41.427940
max: 21.349607
range: 62.777550
skewness: -4.334583
kurtosis: 361.512934
q1: -0.287059
q3: 0.277299
iqr: 0.564357
zero_ratio: 0.000000
extreme_ratio: 0.019794
gini_like: 0.500570
