激活值: layer_27_ffn_up_activation_input8
特殊程度分数: 3.443819

统计信息:
mean: -0.000207
std: 0.537419
min: -4.964937
max: 5.801711
range: 10.766647
skewness: 0.013441
kurtosis: 2.253077
q1: -0.296153
q3: 0.296567
iqr: 0.592719
zero_ratio: 0.000011
extreme_ratio: 0.011134
gini_like: 0.477303
