激活值: layer_30_ffn_down_activation_input5
特殊程度分数: 30131.374314

统计信息:
mean: -0.016050
std: 11.953090
min: -2360.108398
max: 1407.926025
range: 3768.034424
skewness: -107.794519
kurtosis: 30022.453963
q1: -0.395557
q3: 0.394948
iqr: 0.790505
zero_ratio: 0.000000
extreme_ratio: 0.000174
gini_like: 0.561172
