激活值: layer_22_input_ln_input_input9
特殊程度分数: 33578.000913

统计信息:
mean: 0.015153
std: 11.731801
min: -1466.760376
max: 2495.757812
range: 3962.518066
skewness: 115.217002
kurtosis: 33461.776711
q1: -0.621578
q3: 0.610099
iqr: 1.231677
zero_ratio: 0.000000
extreme_ratio: 0.000129
gini_like: 0.502307
