激活值: layer_7_ffn_up_activation_input9
特殊程度分数: 2.177669

统计信息:
mean: -0.000323
std: 0.253645
min: -1.952777
max: 1.637670
range: 3.590447
skewness: -0.004935
kurtosis: 1.115952
q1: -0.149823
q3: 0.149534
iqr: 0.299358
zero_ratio: 0.000000
extreme_ratio: 0.007492
gini_like: 0.453472
