激活值: layer_13_input_ln_output_input5
特殊程度分数: 115.178067

统计信息:
mean: 0.004359
std: 0.406828
min: -9.202494
max: 11.564945
range: 20.767439
skewness: 1.494802
kurtosis: 112.558827
q1: -0.182832
q3: 0.186980
iqr: 0.369813
zero_ratio: 0.000035
extreme_ratio: 0.004691
gini_like: 0.515283
