激活值: layer_17_k_activation_input7
特殊程度分数: 23.767836

统计信息:
mean: -0.021406
std: 1.396822
min: -15.867621
max: 14.118198
range: 29.985821
skewness: -0.358398
kurtosis: 21.901910
q1: -0.476238
q3: 0.473079
iqr: 0.949317
zero_ratio: 0.000000
extreme_ratio: 0.016733
gini_like: 0.586434
