激活值: layer_26_o_activation_input2
特殊程度分数: 670.535822

统计信息:
mean: 0.000876
std: 0.146189
min: -0.959334
max: 8.395778
range: 9.355112
skewness: 13.423722
kurtosis: 656.054746
q1: -0.064650
q3: 0.064973
iqr: 0.129623
zero_ratio: 0.000015
extreme_ratio: 0.004456
gini_like: 0.484109
