激活值: layer_18_ffn_gate_activation_input2
特殊程度分数: 4.704195

统计信息:
mean: -0.212243
std: 0.464360
min: -4.134379
max: 4.923342
range: 9.057722
skewness: -0.219692
kurtosis: 2.940434
q1: -0.477520
q3: 0.048571
iqr: 0.526090
zero_ratio: 0.000000
extreme_ratio: 0.029331
gini_like: 0.478725
