激活值: layer_19_post_attn_ln_input_input4
特殊程度分数: 29855.882386

统计信息:
mean: 0.016604
std: 12.477797
min: -1470.096069
max: 2497.768555
range: 3967.864746
skewness: 108.634453
kurtosis: 29746.182355
q1: -0.452961
q3: 0.444525
iqr: 0.897486
zero_ratio: 0.000000
extreme_ratio: 0.000146
gini_like: 0.531324
