激活值: layer_12_k_activation_input6
特殊程度分数: 22.873681

统计信息:
mean: 0.015204
std: 1.460587
min: -15.446220
max: 14.422878
range: 29.869099
skewness: -0.141517
kurtosis: 21.243475
q1: -0.484120
q3: 0.509971
iqr: 0.994091
zero_ratio: 0.000000
extreme_ratio: 0.015974
gini_like: 0.584607
